439
845
535
239
491
459
744
292
398
735
756
704
317
550
737
620
380
497
359
272
537
525
713
817
614
454
460
455
526
456
219
306
762
577
342
429
806
769
213
442
570
789
511
604
577
615
719
473
634
814
494
459
660
483
529
781
624
524
801
436
196
177
433
401
593
555
284
634
643
586
682
629
651
655
465
281
358
428
696
309
699
353
602
647
432
458
750
304
524
714
249
626
273
332
531
340
694
468
708
201
404
696
269
536
579
541
635
154
188
292
703
530
714
494
602
228
514
399
576
459
459
420
180
367
607
616
115
557
585
377
287
607
588
642
269
698
687
131
609
341
602
682
306
534
444
278
368
709
473
137
96
315
378
308
288
680
176
120
618
122
439
489
202
95
76
607
200
443
167
325
534
566
298
677
376
153
575
221
482
362
616
463
418
460
326
675
380
367
325
286
258
605
384
469
618
314
185
584
405
616
410
493
99
481
647
284
672
404
146
145
165
48
607
277
427
290
462
595
612
283
453
519
203
569
576
125
542
378
422
614
405
537
476
422
498
284
206
359
475
528
2
408
184
120
434
140
292
544
12
537
46
219
497
-17
319
348
183
439
434
20
417
445
501
217
49
32
416
386
125
181
571
223
168
28
585
47
423
-5
132
567
174
22
-36
454
-12
34
569
287
92
-5
19
407
-38
224
221
175
2
337
366
-49
78
84
339
154
28
213
265
406
179
534
460
442
136
494
364
211
-23
441
69
440
113
-64
476
78
516
77
-2
429
318
63
205
530
121
147
141
-27
421
119
-22
522
323
428
461
470
240
493
35
38
-34
399
76
-5
-113
85
512
350
299
305
365
194
161
387
182
-10
-92
471
377
403
251
13
205
7
300
135
-6
376
116
349
367
307
213
428
-139
88
448
-5
153
77
52
93
45
26
229
240
228
256
-93
337
114
474
234
418
-138
50
435
429
-170
58
-3
-102
-102
53
317
-3
-71
412
-23
364
55
200
112
141
443
293
193
281
157
350
-192
-115
380
-122
-197
128
153
335
294
55
-70
329
2
57
91
379
307
6
220
1
240
-197
369
393
-82
-183
87
414
117
235
355
6
65
-171
359
298
135
354
-152
-46
403
27
-91
365
106
-139
212
-193
-92
121
32
52
-133
396
89
25
44
-203
19
-235
324
299
197
-32
-112
138
295
277
255
14
202
218
-200
-29
-132
18
302
188
36
323
-6
302
-91
35
244
157
171
-155
217
255
105
-82
324
-159
353
-92
295
51
-57
-102
-220
346
-65
-74
-286
-296
92
17
107
-214
-234
70
161
94
-2
-199
278
-89
283
312
-181
-169
-193
314
-308
-196
-279
-79
261
1
184
109
-58
40
170
-245
-224
-129
65
-25
-259
-267
213
-69
23
117
-143
-56
86
-247
297
-203
-117
8
201
-238
38
-140
202
-71
-133
-308
-40
109
-325
-240
121
-128
72
-263
-239
-206
-67
-323
24
-143
-99
-81
-275
206
-76
-33
-158
-219
85
-107
67
239
-41
-285
187
78
-175
-29
49
-249
-58
-333
-61
-319
-345
-86
-360
225
-13
106
-37
-133
209
-118
-204
93
-329
127
-122
-216
-19
222
220
-38
60
-204
-309
77
-161
189
45
185
167
-21
-114
103
8
141
-328
145
-349
-204
-63
-381
-357
-195
106
63
178
-393
136
124
-261
-358
156
-77
86
184
-432
-284
137
170
-116
-185
-365
-191
-47
-194
-308
-339
-411
-163
-56
-398
122
-222
162
-257
-124
-139
-102
0
-461
64
-412
-217
-49
41
35
102
-361
-220
17
113
-105
3
-292
102
-174
-67
121
34
-63
-141
-268
-332
-189
-337
-297
143
-57
-337
-192
-222
-288
96
-405
104
-466
-346
-251
25
-389
-378
-53
-289
-359
-117
112
-440
-329
-88
-459
-116
-352
-41
-306
-313
-370
-227
-44
79
-492
52
-126
-499
-457
-348
-425
-198
-57
-51
-425
97
-82
6
-174
-65
-425
-15
-486
-158
-211
41
-27
-158
-143
-74
-18
5
-175
-177
-58
-141
-109
-434
-516
-529
-159
-208
-171
-376
-196
-356
11
-72
-236
-79
-400
-504
-242
-533
-62
-288
-336
-565
-30
-227
-107
-166
-581
-70
-63
-365
-491
-287
-193
-162
-492
-12
-333
-443
-507
-356
-284
-121
-218
-209
-107
-339
-588
-478
-143
-338
-563
-540
-309
-188
-363
-530
-287
-356
-395
-84
-91
-155
-577
-572
-60
-572
-552
-58
-163
-579
-380
-472
-195
-217
-177
-562
-56
-552
-434
-11
-177
-506
-258
-557
-430
-231
-431
-115
-541
-218
-379
-576
-341
-418
-323
-94
-189
-180
-95
-192
-170
-552
-225
-417
-248
-206
-289
-280
-215
-573
-472
-433
-606
-86
-170
-624
-624
-62
-195
-218
-272
-446
-412
-628
-429
-107
-292
-320
-688
-608
-92
-161
-519
-200
-131
-553
-397
-503
-484
-623
-187
-574
-582
-326
-662
-679
-165
-392
-356
-629
-446
-531
-349
-535
-109
-266
-154
-234
-154
-251
-338
-279
-707
-428
-118
-200
-220
-454
-672
-400
-729
-725
-418
-457
-454
-645
-461
-345
-190
-668
-513
-347
-538
-670
-517
-288
-540
-579
-297
-346
-733
-443
-232
-323
-600
-530
-324
-281
-231
-173
-144
-643
-444
-569
-286
-699
-760
-589
-709
-382
-620
-698
-565
-266
-219
-245
-617
-347
-629
-208
-217
-521
-483
-458
-306
-216
-421
-507
-196
-640
-589
-709
-222
-484
-211
-194
-293
-708
-390
-496
-196
-269
-492
-522
-535
-718
-665
-408
-549
-542
-462
-326
-408
-806
-285
-545
-754
-655
-751
-605
-814
-331
-584
-673
-556
-410
-425
-792
-638
-490
-435
-480
-641
-759
-713
-253
-313
-822
-494
-673
-408
-284
-264
-547
-612
-401
-422
-564
-313
-448
-754
-845
-620
-794
-618
-652
-733
-632
-262
-767
-554
-580
-559
-702
-696
-760
-280
-799
-702
-682
-809
-328
-443
-403
-268
-327
-621
-287
-793
-577
-584
-377
-436
-864
-283
-634
-844
-782
-674
-289
-295
-460
-710
-448
-400
-861
-411
-333
-327
-607
-560
-268
-590
-368
-327
-608
-393
-822
-486
-772
-503
-414
-661
-298
-828
-902
-516
-871
-558
-831
-358
-518
-821
-814
-784
-459
-824
-417
-608
-356
-691
-718
-633
-473
-520
-572
-933
-402
-656
-681
-597
-868
-304
-889
-622
-482
-787
-608
-786
-374
-411
-886
-364
-433
-929
-895
-454
-959
-419
-598
-729
-642
-806
-468
-963
-647
-476
-560
-601
-755
-484
-645
-628
-623
-643
-955
-832
-903
-372
-754
-363
-920
-519
-590
-871
-506
-705
-494
-548
-696
-787
-649
-568
-960
-890
-762
-411
-635
-550
-891
-988
-886
-639
-625
-741
-841
-450
-790
-648
-996
-556
-688
-682
-429
-979
-1018
-473
-534
-431
-988
-450
-471
-854
-634
-589
-482
-590
-728
-809
-434
-868
-501
-435
-828
-1034
-422
-833
-863
-593
-822
-933
-776
-714
-479
-632
-817
-909
-725
-449
-434
-504
-673
-811
-456
-1033
-970
-585
-945
-825
-765
-857
-530
-1016
-987
-810
-733
-658
-456
-771
-870
-776
-586
-1035
-806
-682
-910
-516
-792
-509
-647
-850
-522
-982
-469
-850
-796
-515
-662
-846
-595
-1016
-950
-867
-462
-501
-599
-660
-642
-785
-502
-742
-476
-973
-894
-866
-849
-612
-564
-903
-582
-483
-1087
-785
-853
-514
-537
-848
-688
-1098
-789
-902
-1010
-648
-985
-792
-876
-934
-876
-1005
-954
-759
-582
-1055
-666
-988
-714
-824
-543
-824
-1064
-749
-1110
-790
-560
-831
-658
-827
-706
-797
-1101
-569
-859
-825
-1057
-888
-599
-1017
-919
-596
-1050
-1045
-1063
-716
-893
-856
-650
-687
-1063
-944
-1016
-1061
-856
-1037
-591
-1032
-592
-674
-644
-1042
-727
-638
-768
-558
-1056
-1157
-713
-1181
-1143
-1112
-839
-1117
-902
-707
-1088
-1123
-813
-729
-1140
-1125
-1194
-708
-757
-971
-573
-1096
-870
-845
-965
-827
-639
-581
-1118
-1055
-840
-772
-1129
-900
-752
-1172
-1085
-996
-870
-661
-797
-601
-1049
-830
-1088
-588
-824
-651
-903
-840
-775
-649
-967
-810
-841
-721
-1151
-981
-1171
-615
-854
-1094
-866
-899
-955
-758
-855
-958
-763
-799
-856
-795
-889
-686
-1241
-1149
-1010
-757
-972
-1081
-1257
-1004
-932
-713
-1012
-1067
-1264
-1193
-1246
-861
-920
-1142
-654
-1046
-1262
-1242
-722
-647
-1055
-972
-991
-764
-935
-962
-734
-831
-840
-752
-1223
-726
-792
-687
-765
-1174
-1239
-846
-673
-751
-1012
-1059
-930
-678
-1145
-1165
-1296
-1202
-1096
-1303
-676
-1140
-724
-931
-1059
-1219
-1042
-922
-1004
-1118
-1167
-826
-1259
-1169
-1155
-950
-1182
-929
-881
-1131
-951
-997
-930
-1016
-1226
-859
-1210
-934
-1020
-1015
-1285
-924
-746
-707
-820
-709
-882
-804
-945
-1047
-815
-814
-1331
-1077
-963
-900
-875
-772
-1275
-1066
-1096
-1095
-1262
-855
-1072
-1278
-977
-1259
-1225
-1072
-1056
-859
-1013
-1281
-1227
-1216
-1003
-1022
-1050
-989
-1293
-1148
-966
-868
-1002
-1000
-1244
-1157
-1161
-935
-1067
-771
-993
-1313
-1261
-1397
-1102
-781
-895
-1018
-1159
-776
-1233
-1243
-800
-850
-1367
-943
-1156
-1063
-1007
-1307
-1221
-1343
-846
-891
-1222
-1296
-1042
-924
-1374
-1051
-1231
-833
-945
-1203
-1278
-874
-1287
-1113
-1214
-977
-950
-1251
-834
-974
-826
-1369
-813
-843
-1304
-840
-1079
-940
-1080
-875
-1322
-1435
-1155
-826
-1241
-978
-1090
-1309
-1019
-999
-1256
-1026
-1262
-855
-1074
-1054
-856
-967
-1126
-1145
-1080
-1452
-1175
-999
-1395
-1307
-1305
-938
-1466
-1065
-951
-1032
-892
-1316
-1260
-1205
-1077
-1027
-858
-1014
-1098
-1173
-1371
-1270
-1352
-1276
-1452
-953
-892
-1138
-930
-1411
-1205
-1033
-1065
-884
-1044
-1011
-1203
-1398
-1351
-1217
-937
-1363
-1366
-1325
-1265
-1331
-886
-1449
-1290
-1143
-982
-1129
-1499
-1277
-1023
-1386
-1070
-1068
-1124
-1141
-1104
-1467
-1405
-937
-1126
-900
-924
-1292
-923
-1187
-1489
-1253
-1049
-1287
-1171
-1216
-1414
-1040
-994
-941
-1090
-1246
-1534
-1051
-1090
-1318
-1385
-1454
-950
-1416
-1137
-1377
-1249
-1435
-1236
-1190
-1163
-1384
-1192
-1215
-1555
-1060
-1396
-1490
-1324
-1099
-1334
-1046
-1108
-1177
-1129
-1082
-1465
-1441
-1550
-1338
-1055
-1283
-1185
-1290
-983
-1050
-1168
-1283
-1207
-1343
-1138
-1484
-1584
-1441
-968
-1027
-1225
-1273
-1130
-1505
-1270
-1512
-1012
-1163
-1079
-1363
-1502
-980
-1596
-1403
-1152
-1459
-1601
-1134
-1398
-1053
-1053
-1382
-1425
-1287
-1422
-1136
-1569
-1066
-1168
-991
-1269
-1005
-1538
-1624
-1559
-1611
-1004
-1146
-1126
-1445
-1524
-1105
-1439
-1541
-1076
-1282
-1072
-1522
-1590
-1560
-1296
-1153
-1280
-1147
-1447
-1475
-1050
-1212
-1533
-1228
-1142
-1186
-1026
-1503
-1485
-1605
-1581
-1564
-1574
-1065
-1320
-1098
-1251
-1152
-1240
-1358
-1297
-1512
-1235
-1425
-1636
-1619
-1322
-1249
-1284
-1610
-1190
-1078
-1503
-1690
-1492
-1428
-1316
-1529
-1673
-1390
-1073
-1673
-1483
-1662
-1450
-1651
-1702
-1114
-1527
-1291
-1633
-1499
-1474
-1323
-1154
-1091
-1235
-1396
-1459
-1647
-1365
-1617
-1461
-1247
-1619
-1299
-1142
-1701
-1676
-1641
-1309
-1564
-1138
-1398
-1373
-1713
-1397
-1566
-1379
-1347
-1327
-1423
-1712
-1355
-1434
-1267
-1501
-1715
-1406
-1353
-1748
-1415
-1552
-1539
-1686
-1195
-1366
-1155
-1624
-1357
-1746
-1365
-1209
-1594
-1344
-1222
-1263
-1167
-1605
-1395
-1423
-1516
-1635
-1194
-1482
-1157
-1192
-1269
-1138
-1150
-1432
-1604
-1513
-1619
-1521
-1611
-1785
-1680
-1208
-1619
-1431
-1235
-1633
-1287
-1755
-1792
-1526
-1514
-1489
-1551
-1479
-1775
-1423
-1369
-1241
-1545
-1163
-1366
-1537
-1653
-1639
-1646
-1230
-1657
-1186
-1385
-1702
-1336
-1289
-1212
-1394
-1275
-1593
-1821
-1426
-1735
-1252
-1464
-1707
-1778
-1261
-1266
-1393
-1318
-1388
-1775
-1443
-1664
-1677
-1612
-1591
-1666
-1298
-1613
-1697
-1276
-1782
-1433
-1724
-1526
-1604
-1597
-1483
-1450
-1232
-1318
-1486
-1466
-1646
-1578
-1259
-1392
-1495
-1381
-1846
-1391
-1322
-1371
-1535
-1555
-1252
-1572
-1251
-1823
-1373
-1443
-1783
-1300
-1634
-1256
-1269
-1595
-1740
-1675
-1511
-1777
-1789
-1803
-1819
-1590
-1384
-1705
-1298
-1429
-1544
-1656
-1669
-1264
-1803
-1778
-1541
-1335
-1287
-1797
-1388
-1398
-1543
-1861
-1721
-1542
-1490
-1412
-1451
-1840
-1709
-1611
-1589
-1719
-1452
-1591
-1689
-1404
-1850
-1816
-1440
-1289
-1487
-1680
-1536
-1521
-1572
-1867
-1608
-1713
-1897
-1453
-1800
-1398
-1683
-1303
-1566
-1626
-1805
-1718
-1431
-1870
-1907
-1694
-1888
-1361
-1824
-1697
-1642
-1355
-1842
-1622
-1854
-1874
-1755
-1936
-1641
-1621
-1685
-1438
-1573
-1959
-1449
-1395
-1579
-1430
-1549
-1689
-1908
-1674
-1521
-1420
-1476
-1680
-1562
-1789
-1746
-1510
-1962
-1440
-1553
-1853
-1483
-1859
-1684
-1553
-1427
-1701
-1875
-1762
-1677
-1695
-1355
-1843
-1817
-1781
-1769
-1763
-1535
-1920
-1496
-1364
-1929
-1727
-1378
-1594
-1743
-1609
-1495
-1770
-1506
-1451
-1626
-1722
-1881
-1796
-1813
-1994
-1436
-1857
-1480
-2021
-1565
-1696
-1475
-1941
-1903
-1798
-2025
-1644
-1659
-1512
-2011
-1460
-1844
-1815
-1458
-1864
-1734
-2029
-1973
-1583
-1757
-1916
-1514
-1517
-1684
-1667
-1529
-1884
-2027
-1609
-1615
-1922
-2036
-1565
-1674
-1545
-1483
-1700
-1971
-1596
-1641
-1867
-1559
-1433
-1734
-1899
-1631
-1648
-1744
-1802
-1760
-1866
-1483
-1561
-1658
-2008
-1653
-1981
-1820
-1879
-2024
-1738
-1721
-1762
-1732
-2043
-1641
-1929
-1863
-1799
-1738
-1744
-2073
-1829
-1701
-1782
-1925
-1762
-1617
-1544
-1825
-1642
-2086
-1501
-2074
-2110
-1497
-1652
-1712
-2010
-1879
-1522
-2094
-1923
-2048
-1941
-1715
-1555
-1504
-2013
-1876
-2049
-1989
-1951
-1607
-1646
-1734
-2049
-2080
-2059
-1832
-1561
-2078
-2018
-1952
-1570
-1600
-2118
-1705
-2057
-1577
-1601
-2060
-1857
-1666
-1742
-1996
-1609
-1836
-1930
-2127
-1937
-2155
-1569
-2066
-1687
-1908
-1520
-1811
-2096
-2086
-1767
-2014
-2030
-2015
-1836
-1845
-1640
-1953
-2171
-1744
-1948
-2117
-1682
-1965
-1548
-2144
-1842
-1610
-1577
-1944
-1755
-1857
-1820
-1731
-1707
-1679
-1692
-2122
-1831
-2061
-1977
-1558
-2127
-2124
-1726
-1584
-1704
-2095
-1624
-1934
-2095
-2144
-1934
-2063
-1591
-1739
-1779
-1944
-1908
-2164
-1725
-1710
-2123
-2031
-2024
-1654
-1717
-1981
-2032
-2153
-1944
-1767
-2112
-2067
-2031
-1794
-2029
-2070
-1958
-1685
-1805
-2075
-2164
-1942
-1685
-1773
-1643
-2070
-1843
-1725
-1694
-1755
-2182
-2100
-2188
-1744
-2149
-2151
-1931
-1935
-1848
-1847
-1703
-1899
-1761
-1822
-1989
-1639
-1929
-1669
-1876
-1870
-1875
-2153
-1761
-1647
-1777
-1660
-2088
-2060
-2143
-2099
-1666
-2138
-1886
-1945
-1730
-1836
-2107
-2099
-2168
-2182
-1988
-2259
-2168
-1761
-2199
-2206
-1997
-1894
-2255
-2000
-1919
-1826
-1781
-1754
-2207
-1669
-2260
-2085
-2294
-1676
-2063
-2126
-1826
-2139
-2031
-2242
-1709
-2059
-1823
-2254
-1859
-1809
-2290
-2027
-2202
-2243
-2321
-1931
-2169
-2178
-1781
-2119
-2006
-2054
-2130
-1747
-1803
-1916
-1775
-2272
-2080
-2320
-1838
-2203
-2128
-1781
-2262
-2189
-2088
-1918
-1913
-2094
-1848
-1938
-1964
-2292
-1712
-2092
-2065
-1868
-1960
-1930
-1988
-2027
-2081
-2201
-2148
-2281
-2147
-2306
-1965
-2128
-2228
-2346
-2199
-1967
-1949
-1779
-1893
-2053
-1873
-1752
-2111
-1821
-2282
-2063
-1885
-2033
-2092
-1953
-2005
-2068
-1991
-1988
-1974
-2054
-2237
-2342
-2357
-1979
-2091
-2003
-2231
-1852
-2205
-1954
-2387
-1764
-2290
-2277
-1913
-1968
-1967
-1949
-2247
-2397
-1950
-2026
-2228
-2158
-1921
-2397
-1899
-1984
-2273
-1925
-2320
-2082
-2274
-1937
-1817
-1866
-2022
-1921
-2125
-1856
-2420
-1868
-2158
-1867
-1977
-2197
-2114
-2100
-2014
-2098
-2348
-1917
-2159
-2136
-2014
-2321
-2389
-2325
-1978
-2080
-2334
-1972
-2021
-2112
-1839
-2236
-1895
-2321
-2379
-2418
-2070
-2206
-2096
-2385
-2045
-1828
-2342
-2341
-2306
-2333
-2098
-1966
-2144
-2067
-2464
-2337
-2236
-2281
-2354
-2155
-1894
-2276
-2054
-1873
-2342
-2209
-1988
-2479
-2171
-1860
-2053
-2041
-1941
-2384
-2372
-2095
-2348
-2118
-2424
-2298
-2164
-2107
-2126
-2469
-2473
-2426
-1869
-2278
-2033
-2255
-2314
-2008
-2205
-1998
-2235
-2029
-2059
-1962
-1908
-2292
-2450
-2222
-2342
-2133
-1922
-2293
-2162
-2292
-2521
-2065
-2431
-2161
-2217
-2386
-2148
-2222
-2146
-2415
-2093
-1925
-2220
-2162
-2405
-2131
-1965
-2060
-2276
-2526
-1978
-1970
-2147
-2516
-2542
-2347
-2144
-2358
-2491
-1922
-2555
-2362
-2264
-2416
-2085
-2203
-2323
-2388
-2565
-2471
-2199
-2531
-2385
-2098
-2456
-2185
-2151
-2414
-2307
-2014
-2120
-2561
-1947
-1987
-2417
-2384
-1978
-2314
-2009
-2170
-2457
-2087
-2383
-2103
-2497
-2432
-2533
-2130
-1991
-2086
-2350
-2528
-2528
-2085
-2251
-2559
-2092
-1988
-2218
-2239
-2566
-2213
-2066
-2197
-2038
-2168
-2071
-2579
-2456
-2026
-2422
-2115
-2192
-2575
-2372
-2616
-2114
-2582
-2011
-2345
-2080
-2459
-2084
-2266
-2330
-2004
-2575
-2584
-2143
-2140
-2551
-2007
-2533
-2254
-2607
-2526
-2348
-2053
-2281
-2515
-2393
-2631
-2414
-2374
-2640
-2414
-2256
-2360
-2586
-2329
-2118
-2211
-2451
-2647
-2441
-2349
-2445
-2118
-2485
-2097
-2498
-2533
-2302
-2228
-2189
-2630
-2067
-2315
-2664
-2648
-2438
-2442
-2220
-2391
-2270
-2064
-2653
-2254
-2690
-2494
-2173
-2312
-2335
-2354
-2435
-2518
-2307
-2169
-2383
-2284
-2562
-2602
-2562
-2466
-2497
-2399
-2549
-2365
-2251
-2079
-2196
-2342
-2667
-2080
-2125
-2252
-2558
-2594
-2312
-2105
-2673
-2164
-2695
-2348
-2505
-2532
-2616
-2250
-2140
-2506
-2578
-2413
-2604
-2290
-2592
-2584
-2374
-2182
-2586
-2200
-2658
-2645
-2733
-2621
-2211
-2327
-2372
-2435
-2399
-2517
-2148
-2215
-2430
-2408
-2456
-2574
-2391
-2758
-2198
-2471
-2745
-2315
-2680
-2425
-2296
-2287
-2250
-2155
-2474
-2418
-2695
-2146
-2224
-2223
-2732
-2730
-2152
-2519
-2612
-2288
-2781
-2203
-2378
-2709
-2783
-2388
-2412
-2632
-2616
-2738
-2323
-2193
-2250
-2580
-2187
-2423
-2369
-2795
-2178
-2686
-2420
-2683
-2719
-2642
-2491
-2415
-2616
-2525
-2710
-2449
-2500
-2254
-2299
-2524
-2691
-2359
-2619
-2675
-2185
-2521
-2699
-2281
-2267
-2391
-2638
-2447
-2228
-2742
-2219
-2585
-2826
-2228
-2440
-2521
-2283
-2361
-2218
-2837
-2840
-2372
-2481
-2203
-2412
-2624
-2764
-2751
-2461
-2418
-2281
-2231
-2652
-2790
-2329
-2775
-2656
-2339
-2641
-2747
-2594
-2549
-2452
-2529
-2678
-2787
-2781
-2541
-2523
-2331
-2657
-2867
-2340
-2851
-2822
-2619
-2278
-2257
-2854
-2360
-2583
-2591
-2838
-2656
-2686
-2797
-2276
-2605
-2447
-2637
-2805
-2760
-2379
-2394
-2356
-2590
-2602
-2500
-2683
-2561
-2522
-2637
-2552
-2520
-2403
-2316
-2473
-2588
-2380
-2596
-2817
-2541
-2623
-2316
-2485
-2604
-2279
-2572
-2436
-2671
-2830
-2318
-2480
-2742
-2577
-2577
-2867
-2623
-2456
-2763
-2394
-2625
-2593
-2393
-2708
-2648
-2630
-2713
-2778
-2753
-2404
-2570
-2443
-2643
-2712
-2320
-2450
-2346
-2322
-2803
-2732
-2566
-2622
-2524
-2394
-2509
-2868
-2891
-2819
-2387
-2466
-2850
-2709
-2566
-2495
-2822
-2615
-2632
-2841
-2881
-2878
-2418
-2796
-2607
-2843
-2586
-2776
-2930
-2529
-2612
-2393
-2794
-2911
-2804
-2872
-2613
-2756
-2773
-2451
-2487
-2898
-2528
-2655
-2775
-2612
-2409
-2627
-2920
-2456
-2506
-2444
-2983
-2907
-2950
-2522
-2921
-2993
-2781
-2609
-2634
-2673
-2411
-2876
-2648
-2828
-2724
-2986
-2947
-2459
-2395
-2602
-2509
-2405
-2634
-2824
-2821
-2627
-3011
-2713
-2618
-2465
-2965
-2856
-2781
-2522
-2960
-2696
-2890
-2502
-2440
-2798
-2409
-2704
-2686
-3005
-2536
-2469
-2961
-2911
-3040
-2629
-3011
-2949
-2729
-2773
-3012
-2821
-2510
-2713
-3017
-3059
-2736
-3037
-2779
-2866
-2551
-2946
-2843
-2450
-3068
-2529
-2513
-2768
-3006
-2899
-2880
-2697
-2793
-2843
-2455
-3035
-2581
-2581
-2595
-2587
-2736
-2916
-2852
-3053
-2601
-3052
-2911
-3042
-2930
-2519
-2881
-2996
-2816
-2866
-2773
-2632
-2836
-2665
-2607
-2643
-3020
-2607
-2646
-3097
-2924
-2475
-2477
-2517
-2600
-2611
-2567
-3103
-3038
-2770
-2779
-3041
-2696
-3035
-2834
-2564
-2784
-2575
-2983
-2726
-2879
-2646
-2971
-3051
-3081
-2710
-2763
-2617
-2688
-2685
-3126
-3056
-3069
-2601
-3027
-2543
-3007
-2631
-3103
-3085
-2632
-2516
-2513
-2552
-2791
-2696
-2657
-3051
-2959
-2862
-2743
-2646
-2592
-2783
-2870
-2819
-2974
-2670
-2967
-2990
-2872
-2630
-2557
-2596
-2757
-2774
-2992
-2891
-2910
-2874
-2693
-2697
-2952
-2622
-2771
-2906
-2849
-3016
-2697
-3128
-3029
-2747
-3192
-2765
-2879
-3050
-2791
-3092
-2837
-2600
-3145
-3195
-2914
-3132
-2961
-2953
-2905
-3065
-2678
-2600
-2610
-3157
-2967
-3084
-3081
-2734
-2726
-2735
-3001
-2784
-3026
-2590
-2642
-3190
-3129
-2924
-3080
-3032
-3108
-3117
-2678
-3057
-2773
-3225
-2862
-2690
-3207
-3221
-3175
-2794
-2816
-3059
-2693
-3007
-3203
-3053
-2796
-3107
-2643
-2615
-2750
-2666
-2630
-3113
-2659
-2816
-2817
-3231
-2619
-2908
-3142
-2663
-3016
-3241
-3007
-2927
-3060
-3193
-3198
-2712
-2635
-2743
-2761
-3028
-2829
-2886
-2971
-2642
-2776
-3165
-2743
-2944
-2860
-3016
-2680
-3006
-2800
-3053
-2718
-2851
-2901
-2830
-2663
-2673
-2824
-3127
-2898
-3072
-3121
-2985
-3162
-2684
-2666
-3125
-2844
-3099
-3302
-2944
-2699
-3054
-3075
-3292
-3176
-3210
-3153
-3205
-2965
-2951
-2689
-2819
-2993
-3254
-2788
-2842
-2802
-2722
-3046
-2901
-2933
-3228
-2939
-2850
-2751
-2719
-3174
-2841
-3310
-3192
-2874
-3088
-3118
-3119
-3238
-3311
-2801
-3197
-2820
-2836
-3285
-2982
-3290
-3022
-3227
-3040
-2946
-2928
-2786
-2752
-2934
-3250
-3291
-3236
-2725
-2853
-3273
-2788
-3042
-3163
-3217
-3014
-2861
-3144
-3351
-3246
-3050
-3178
-2740
-3160
-3253
-3081
-2853
-3171
-2817
-3324
-2850
-2843
-2851
-2752
-3243
-3339
-3014
-3381
-2780
-3070
-3325
-2805
-3091
-2803
-3191
-3228
-2915
-3267
-3325
-3319
-2893
-2929
-3228
-2934
-3382
-2816
-3292
-3175
-2813
-3360
-3390
-3105
-2993
-3085
-3190
-3291
-3097
-2786
-2905
-2801
-3203
-3096
-2784
-2795
-3130
-3102
-3042
-3298
-2965
-3055
-3125
-3060
-2978
-3382
-3168
-3150
-2814
-3274
-3234
-2813
-2969
-2937
-3180
-3283
-2975
-3407
-3134
-2888
-2821
-3137
-3290
-3046
-3272
-3104
-3401
-2878
-3159
-3070
-3066
-3014
-2970
-3097
-3011
-3300
-3040
-3312
-3375
-2961
-3313
-2847
-3464
-3405
-3221
-2862
-3367
-3423
-3180
-3293
-2992
-2966
-3385
-3001
-2892
-2951
-2981
-3328
-3368
-2978
-3193
-3492
-3484
-2937
-2897
-3408
-2910
-3462
-3338
-3436
-3175
-3438
-3154
-2908
-3199
-3003
-3204
-3161
-3477
-3153
-3370
-3490
-3044
-3428
-3495
-3462
-3249
-3479
-3351
-3054
-3373
-3309
-3177
-3229
-3468
-3341
-3135
-3014
-3353
-3055
-2982
-3371
-2971
-3222
-3263
-3173
-2920
-3339
-3246
-3422
-3403
-3454
-3039
-3403
-3176
-3313
-3199
-3458
-3273
-3210
-3120
-3190
-2936
-3364
-3345
-3422
-3408
-3323
-3217
-3106
-2972
-3497
-3021
-3422
-3094
-3295
-3551
-3385
-3236
-3211
-3291
-3301
-3460
-3029
-2969
-3034
-3389
-3084
-3489
-2961
-2999
-3230
-3530
-3499
-3443
-3383
-3108
-3209
-3197
-3059
-3434
-2976
-3089
-3256
-3036
-3496
-3186
-3274
-3182
-3111
-3216
-3192
-3224
-3386
-3171
-3565
-3067
-3531
-3087
-3039
-3032
-3359
-3612
-3602
-3356
-3024
-3612
-3041
-3080
-3093
-3242
-3381
-3579
-3345
-3300
-2984
-3153
-3576
-3469
-3326
-3317
-3630
-3082
-3561
-3416
-3325
-3166
-3550
-3584
-3160
-3594
-3600
-3053
-3091
-3646
-3630
-3323
-3027
-3180
-3426
-3453
-3330
-3170
-3094
-3070
-3602
-3425
-3627
-3610
-3534
-3364
-3163
-3040
-3360
-3397
-3134
-3138
-3322
-3226
-3057
-3387
-3296
-3479
-3055
-3108
-3666
-3451
-3442
-3388
-3211
-3508
-3382
-3345
-3436
-3130
-3145
-3205
-3430
-3195
-3108
-3102
-3310
-3551
-3580
-3585
-3443
-3553
-3232
-3464
-3446
-3637
-3488
-3387
-3538
-3518
-3313
-3539
-3339
-3538
-3161
-3098
-3155
-3692
-3626
-3681
-3441
-3621
-3704
-3263
-3494
-3474
-3436
-3487
-3441
-3664
-3617
-3261
-3720
-3597
-3181
-3376
-3560
-3464
-3267
-3409
-3622
-3114
-3636
-3477
-3129
-3431
-3337
-3270
-3420
-3580
-3651
-3176
-3211
-3520
-3454
-3247
-3644
-3471
-3444
-3191
-3253
-3358
-3620
-3545
-3203
-3217
-3302
-3436
-3553
-3218
-3263
-3150
-3279
-3384
-3337
-3655
-3480
-3668
-3297
-3738
-3709
-3214
-3725
-3553
-3195
-3438
-3491
-3330
-3775
-3288
-3152
-3297
-3684
-3367
-3237
-3626
-3348
-3448
-3220
-3398
-3603
-3624
-3428
-3798
-3728
-3500
-3311
-3566
-3437
-3727
-3171
-3751
-3338
-3426
-3532
-3332
-3444
-3174
-3228
-3330
-3394
-3304
-3635
-3381
-3197
-3513
-3490
-3224
-3464
-3383
-3191
-3365
-3727
-3781
-3489
-3387
-3424
-3656
-3437
-3540
-3529
-3514
-3506
-3830
-3211
-3527
-3641
-3433
-3293
-3728
-3248
-3414
-3608
-3689
-3488
-3680
-3585
-3471
-3593
-3626
-3751
-3589
-3418
-3248
-3777
-3362
-3524
-3820
-3380
-3275
-3841
-3850
-3250
-3806
-3507
-3358
-3330
-3520
-3783
-3789
-3555
-3774
-3623
-3842
-3838
-3537
-3463
-3877
-3431
-3668
-3267
-3793
-3611
-3781
-3394
-3787
-3409
-3456
-3384
-3405
-3565
-3501
-3868
-3508
-3866
-3893
-3650
-3845
-3482
-3294
-3265
-3841
-3800
-3649
-3739
-3773
-3894
-3833
-3474
-3657
-3576
-3915
-3787
-3410
-3447
-3321
-3415
-3879
-3869
-3747
-3443
-3576
-3494
-3449
-3521
-3721
-3927
-3316
-3489
-3884
-3631
-3780
-3491
-3302
-3545
-3396
-3765
-3771
-3372
-3603
-3838
-3346
-3882
-3774
-3814
-3734
-3584
-3401
-3784
-3342
-3598
-3396
-3938
-3545
-3832
-3702
-3526
-3515
-3907
-3369
-3642
-3689
-3633
-3588
-3959
-3576
-3612
-3668
-3606
-3909
-3602
-3560
-3542
-3844
-3475
-3910
-3578
-3923
-3871
-3693
-3598
-3887
-3481
-3686
-3404
-3865
-3632
-3404
-3857
-3591
-3961
-3635
-3404
-3390
-3933
-3503
-3887
-3751
-3493
-3891
-3655
-3449
-3630
-3875
-3428
-3848
-3926
-3753
-3777
-3661
-3802
-3948
-3379
-3828
-3448
-3387
-3566
-3634
-3669
-3701
-3756
-3448
-4017
-3630
-3966
-3401
-3463
-3824
-4016
-3963
-3951
-3452
-3900
-3939
-3891
-3696
-3962
-3464
-3739
-3543
-3540
-3777
-4002
-3456
-3998
-4000
-3682
-3925
-3862
-3909
-3709
-3489
-3619
-4050
-3654
-3712
-3944
-3582
-3537
-3499
-3856
-3843
-3741
-3653
-3555
-3775
-3749
-4039
-4038
-3526
-3819
-3917
-3672
-3880
-3576
-3578
-3511
-4060
-4060
-3777
-3642
-3800
-3636
-3538
-3530
-3583
-4011
-3899
-3695
-3910
-3908
-3587
-4011
-3543
-3936
-3543
-3604
-3632
-3598
-3652
-3556
-3639
-3588
-3709
-3980
-4028
-3540
-3560
-3513
-3692
-3759
-3670
-3976
-4102
-3659
-3617
-4103
-3954
-3641
-3678
-3966
-4122
-3895
-3549
-3667
-3665
-3535
-3850
-4121
-3508
-3729
-4058
-3559
-4106
-3858
-4140
-3613
-3746
-4009
-3623
-3826
-3565
-4128
-4105
-3656
-3601
-3695
-3896
-3679
-3875
-4040
-4125
-3902
-3609
-3562
-4128
-3634
-4148
-3741
-3725
-3758
-3968
-3584
-3566
-4087
-3945
-3534
-4140
-3611
-3677
-3913
-3745
-3938
-3749
-4094
-4032
-3822
-3823
-4055
-4173
-3576
-3778
-3837
-3894
-3912
-4005
-4135
-3988
-3628
-3936
-3938
-4095
-3942
-3673
-3650
-4111
-3902
-3887
-4133
-4206
-4101
-4099
-4036
-4148
-3914
-3729
-4164
-3700
-3948
-4178
-4085
-4188
-4164
-4176
-4169
-4071
-3983
-3646
-4172
-4093
-4149
-4002
-3730
-3832
-3833
-4112
-4124
-3838
-4110
-4113
-3842
-3611
-3753
-3749
-3897
-4178
-4157
-3623
-3860
-3978
-3700
-4052
-3720
-3687
-3823
-3620
-3761
-3994
-4204
-3893
-4180
-3953
-3811
-3810
-4201
-3964
-4162
-3757
-3899
-3704
-3940
-3893
-3721
-3920
-3789
-3816
-3639
-3945
-3778
-3662
-3740
-4137
-3776
-4144
-4063
-3697
-3660
-3921
-3841
-4104
-4178
-3795
-4270
-4023
-3987
-3873
-3688
-4162
-4103
-4113
-4017
-3806
-4112
-4217
-4032
-4254
-3826
-3994
-3842
-3924
-4026
-4278
-3965
-4080
-4302
-4028
-3834
-4220
-3741
-3995
-4041
-3701
-3693
-4066
-3876
-3842
-3681
-4150
-3803
-4062
-4319
-3694
-4043
-3811
-3826
-3728
-3696
-4029
-3916
-3711
-4316
-4079
-3986
-4190
-4257
-3856
-4257
-3857
-3803
-4229
-3972
-4274
-4089
-4305
-3894
-4293
-4101
-4226
-3942
-3869
-3719
-3874
-4343
-3881
-3786
-3905
-3796
-3773
-3735
-3736
-4275
-3954
-3987
-3784
-4326
-3908
-4201
-3763
-3829
-4293
-4108
-3754
-3807
-4259
-4101
-4335
-4353
-4384
-3872
-4055
-3896
-4078
-3878
-4313
-4013
-4012
-3971
-4378
-3762
-3893
-4273
-3881
-3892
-3886
-3952
-3791
-3967
-3907
-4079
-4270
-4302
-3813
-4138
-4091
-3988
-4210
-4297
-4387
-3864
-4391
-4030
-4247
-4258
-3979
-4140
-3801
-3825
-4419
-3917
-4324
-4030
-3887
-3813
-3901
-3853
-4010
-3968
-4059
-4123
-4214
-4231
-4142
-4436
-4195
-4206
-4175
-4107
-3924
-4156
-4207
-3949
-3924
-3830
-4083
-4242
-3844
-4078
-4311
-3878
-3855
-4426
-3911
-3965
-4132
-4292
-4133
-4126
-3850
-4260
-4430
-4370
-4240
-3926
-4321
-3956
-3934
-4177
-4416
-4360
-4047
-4094
-4088
-3961
-3930
-3852
-4401
-4027
-4456
-4233
-4153
-4060
-4390
-4350
-4451
-4424
-4317
-4412
-4469
-4074
-4320
-4121
-4146
-4368
-4009
-4128
-4349
-4192
-4007
-4473
-3908
-4333
-4315
-4237
-4263
-4363
-3989
-4290
-4002
-4043
-4508
-4456
-4376
-4095
-4095
-4243
-4444
-4145
-3999
-4113
-4014
-4333
-4519
-4476
-4516
-4101
-4046
-4194
-3971
-3992
-4284
-4268
-4421
-4288
-4504
-4517
-4521
-4001
-4240
-3964
-3912
-4094
-4240
-4104
-4049
-4514
-4331
-4129
-4081
-4294
-3968
-4139
-4362
-4483
-4559
-3960
-4312
-4537
-3963
-4235
-4122
-4312
-4066
-4005
-4262
-4086
-4096
-4525
-4009
-4124
-4133
-4159
-4324
-4262
-4357
-4155
-4234
-3947
-4568
-4162
-4425
-4273
-4420
-4473
-3984
-4470
-4293
-4021
-4223
-4484
-4143
-4181
-4456
-4482
-4219
-4213
-4407
-4104
-4029
-4555
-4070
-4128
-4208
-4310
-4118
-4106
-4495
-4282
-4528
-4150
-4502
-4181
-4407
-4111
-4340
-4269
-3984
-4380
-4287
-4350
-4000
-4488
-4257
-4494
-4491
-4290
-4162
-4246
-4177
-4307
-4192
-4059
-4102
-4428
-4136
-4285
-4497
-4486
-4610
-4417
-4072
-4501
-4359
-4571
-4630
-4529
-4527
-4144
-4438
-4038
-4606
-4619
-4351
-4280
-4311
-4394
-4106
-4399
-4376
-4049
-4148
-4294
-4552
-4378
-4446
-4668
-4588
-4277
-4249
-4501
-4204
-4668
-4139
-4475
-4587
-4082
-4241
-4102
-4668
-4224
-4599
-4487
-4284
-4235
-4433
-4281
-4389
-4620
-4211
-4600
-4552
-4315
-4341
-4645
-4277
-4408
-4649
-4304
-4412
-4165
-4698
-4695
-4271
-4491
-4207
-4347
-4707
-4287
-4096
-4383
-4685
-4517
-4199
-4400
-4549
-4492
-4429
-4644
-4542
-4702
-4488
-4100
-4340
-4412
-4643
-4612
-4307
-4096
-4268
-4404
-4639
-4232
-4559
-4500
-4502
-4525
-4266
-4353
-4274
-4205
-4624
-4113
-4504
-4552
-4463
-4208
-4256
-4725
-4562
-4407
-4352
-4570
-4318
-4155
-4654
-4337
-4609
-4213
-4192
-4238
-4498
-4218
-4544
-4431
-4497
-4654
-4287
-4326
-4233
-4264
-4271
-4319
-4201
-4171
-4385
-4278
-4698
-4336
-4248
-4318
-4153
-4691
-4378
-4516
-4185
-4639
-4545
-4540
-4556
-4443
-4365
-4688
-4272
-4315
-4647
-4322
-4628
-4435
-4385
-4515
-4310
-4338
-4575
-4191
-4695
-4283
-4485
-4472
-4793
-4364
-4466
-4763
-4180
-4432
-4445
-4195
-4717
-4752
-4495
-4249
-4415
-4192
-4406
-4752
-4436
-4390
-4327
-4535
-4328
-4402
-4311
-4609
-4635
-4678
-4264
-4241
-4789
-4659
-4747
-4683
-4310
-4689
-4477
-4651
-4241
-4700
-4261
-4370
-4525
-4788
-4843
-4761
-4405
-4460
-4420
-4480
-4661
-4809
-4688
-4472
-4496
-4568
-4442
-4461
-4765
-4823
-4745
-4705
-4548
-4373
-4836
-4525
-4760
-4760
-4342
-4701
-4833
-4856
-4546
-4719
-4866
-4791
-4501
-4356
-4862
-4366
-4782
-4810
-4307
-4890
-4873
-4621
-4287
-4780
-4802
-4598
-4564
-4336
-4839
-4639
-4499
-4597
-4482
-4684
-4850
-4480
-4438
-4802
-4435
-4338
-4635
-4313
-4469
-4729
-4304
-4804
-4905
-4284
-4576
-4643
-4789
-4679
-4901
-4539
-4833
-4476
-4877
-4434
-4373
-4713
-4325
-4621
-4530
-4325
-4852
-4911
-4667
-4889
-4905
-4925
-4545
-4611
-4674
-4810
-4563
-4400
-4745
-4781
-4628
-4882
-4836
-4675
-4369
-4935
-4533
-4521
-4919
-4657
-4569
-4755
-4828
-4954
-4550
-4537
-4964
-4922
-4505
-4554
-4925
-4523
-4365
-4408
-4441
-4954
-4383
-4647
-4903
-4983
-4959
-4581
-4764
-4426
-4586
-4648
-4981
-4807
-4985
-4523
-4921
-4790
-4667
-4992
-4612
-4871
-4950
-4805
-4613
-4618
-4518
-4764
-4846
-4968
-4366
-4857
-4710
-4658
-4411
-4950
-4856
-4827
-4836
-4522
-4601
-4504
-4534
-4686
-4843
-4636
-4728
-4755
-4896
-4793
-4853
-4816
-4910
-4536
-4914
-4758
-4629
-4638
-4943
-4788
-4600
-4443
-5015
-4812
-4774
-4943
-4619
-4675
-4626
-4681
-4987
-4605
-4618
-4671
-4975
-4641
-4474
-4507
-4564
-4633
-4689
-4662
-4569
-4667
-4471
-4912
-4730
-4707
-4915
-4581
-4995
-4827
-4497
-4984
-4789
-4690
-4865
-5006
-4869
-4722
-4882
-4819
-5069
-4470
-5041
-4939
-4721
-4596
-4941
-4940
-4802
-4902
-4919
-4736
-4463
-4752
-4658
-4700
-5086
-4945
-5070
-4481
-4848
-4802
-4639
-4930
-4649
-4796
-5014
-4541
-4704
-5090
-4710
-4892
-4848
-4745
-4891
-4849
-4640
-4650
-4784
-4742
-4545
-5024
-4896
-4803
-4912
-4889
-5033
-4890
-5031
-5038
-5059
-4533
-5071
-4947
-4631
-4855
-4981
-4924
-4902
-4829
-4770
-4725
-4713
-4686
-4857
-4662
-4652
-4843
-4745
-4610
-4958
-4574
-4830
-4697
-4912
-4910
-4573
-4578
-4858
-4731
-4982
-4704
-4850
-4922
-4963
-5020
-4541
-4581
-5110
-4709
-5090
-4913
-4546
-4934
-5013
-4809
-4626
-4874
-4903
-4762
-4774
-4961
-5087
-4679
-4740
-5119
-4933
-4737
-4603
-4627
-5109
-4578
-4635
-5053
-4558
-4658
-4906
-5078
-4607
-5075
-4884
-5171
-4866
-5150
-5080
-4812
-4779
-4942
-4855
-4892
-4926
-4629
-5204
-4579
-4877
-4689
-4813
-4877
-4580
-4919
-4928
-5217
-4693
-5035
-4932
-4653
-4775
-4994
-5017
-4942
-5021
-4891
-5161
-4879
-4966
-5233
-4656
-4953
-4721
-4947
-4616
-5219
-4762
-5056
-4769
-5159
-4841
-4926
-4750
-5003
-5003
-4831
-5108
-4618
-5049
-5217
-4743
-5250
-4790
-4781
-5084
-4718
-5018
-4682
-4915
-5205
-4988
-4642
-5038
-4950
-4687
-5206
-4867
-4734
-4993
-4875
-5111
-4816
-5177
-4744
-4724
-4817
-4871
-4881
-4837
-5133
-4749
-4894
-4977
-4935
-4858
-4732
-5134
-5201
-4697
-5258
-4960
-4984
-4994
-4699
-4663
-4972
-4883
-4891
-5207
-4766
-5294
-5258
-5221
-5096
-4852
-5141
-5050
-4742
-5205
-4873
-4864
-4770
-4754
-5095
-5235
-5090
-5084
-4764
-5239
-4772
-5297
-4925
-5116
-5204
-4697
-5295
-4926
-4960
-5069
-4770
-5058
-4719
-5256
-5235
-5137
-4813
-5101
-5313
-4940
-4973
-4822
-5234
-5332
-5145
-5248
-4826
-5288
-5316
-5126
-4802
-5259
-5109
-5194
-5173
-4946
-5132
-4836
-4746
-5252
-4970
-5287
-4844
-5094
-5222
-4770
-4960
-4975
-5194
-4764
-4921
-5030
-5197
-5331
-5023
-5327
-4956
-4771
-4778
-4966
-4819
-5182
-5347
-5222
-5331
-4857
-4851
-5313
-5025
-4774
-4754
-5105
-4873
-5032
-4809
-4797
-5145
-5017
-5334
-5163
-5021
-5121
-5369
-5291
-5369
-5281
-4954
-4770
-5057
-5008
-5272
-5122
-5032
-5339
-5147
-5147
-5110
-4820
-5377
-5298
-5261
-5237
-5174
-5170
-4903
-5192
-4934
-5030
-5186
-5321
-5404
-4846
-4999
-4954
-5028
-5273
-5056
-5058
-5266
-5408
-5352
-5000
-5302
-5248
-5048
-5276
-4894
-4943
-4983
-5192
-4894
-5433
-5033
-5145
-5287
-5332
-4917
-5373
-5309
-5363
-5045
-4828
-5301
-5465
-5452
-5090
-5436
-4880
-4909
-5190
-5113
-5305
-5353
-5054
-5123
-5191
-5087
-5225
-5085
-4981
-5228
-4921
-5296
-5013
-5165
-4864
-5339
-4957
-5341
-5172
-5247
-4892
-5279
-5484
-5401
-5175
-5174
-5007
-5039
-5326
-5214
-5346
-5443
-5016
-5071
-5332
-5038
-5475
-5203
-5238
-5476
-5422
-5151
-5310
-5071
-5501
-5293
-5318
-5412
-5247
-4978
-5315
-5118
-5268
-5147
-5469
-5383
-5238
-4964
-5186
-5241
-5425
-5311
-5411
-4948
-5284
-5374
-5338
-5429
-4963
-4955
-5189
-5243
-5230
-4968
-5225
-5138
-5425
-4955
-5393
-5416
-5358
-4963
-5092
-5458
-4919
-5507
-5087
-5412
-5450
-5550
-5174
-4970
-5459
-5109
-4971
-5332
-5558
-5145
-5528
-5256
-4987
-5095
-5062
-5213
-5249
-5516
-5425
-5242
-5140
-5077
-5079
-5124
-5568
-5500
-4972
-5157
-5402
-5518
-5247
-5588
-5436
-4997
-5480
-5442
-5248
-5196
-5242
-5401
-5340
-4991
-5369
-5003
-5183
-5355
-5036
-5231
-5222
-5590
-5051
-5316
-5413
-5525
-5020
-5485
-5156
-5153
-5314
-5319
-5585
-5200
-5413
-5480
-5373
-5015
-5511
-5228
-5182
-5018
-5399
-5368
-5231
-5391
-5149
-5148
-5334
-5207
-5574
-5442
-5475
-5211
-5072
-5026
-5484
-5326
-5612
-5404
-5253
-5186
-5570
-5630
-5517
-5087
-5538
-5256
-5370
-5112
-5419
-5527
-5383
-5573
-5342
-5504
-5199
-5563
-5049
-5050
-5355
-5188
-5270
-5099
-5271
-5422
-5120
-5215
-5198
-5420
-5565
-5602
-5273
-5653
-5668
-5114
-5305
-5141
-5644
-5154
-5131
-5569
-5365
-5273
-5129
-5235
-5131
-5174
-5512
-5678
-5474
-5335
-5526
-5169
-5331
-5615
-5230
-5587
-5629
-5103
-5305
-5536
-5453
-5468
-5372
-5318
-5576
-5311
-5508
-5492
-5378
-5579
-5595
-5372
-5560
-5407
-5720
-5208
-5311
-5275
-5487
-5604
-5192
-5157
-5423
-5391
-5385
-5508
-5258
-5590
-5244
-5648
-5715
-5217
-5558
-5391
-5244
-5245
-5546
-5630
-5382
-5580
-5423
-5373
-5514
-5130
-5485
-5347
-5209
-5634
-5350
-5650
-5726
-5499
-5657
-5766
-5671
-5703
-5436
-5694
-5239
-5369
-5432
-5773
-5522
-5135
-5604
-5615
-5660
-5246
-5301
-5177
-5375
-5585
-5333
-5616
-5698
-5537
-5317
-5411
-5350
-5313
-5464
-5794
-5378
-5641
-5326
-5746
-5251
-5307
-5466
-5781
-5337
-5285
-5414
-5693
-5780
-5406
-5801
-5807
-5547
-5503
-5536
-5596
-5413
-5657
-5437
-5818
-5770
-5354
-5351
-5685
-5604
-5538
-5622
-5602
-5202
-5738
-5484
-5639
-5513
-5477
-5810
-5543
-5504
-5539
-5399
-5420
-5577
-5308
-5478
-5691
-5571
-5496
-5708
-5222
-5249
-5475
-5821
-5255
-5504
-5637
-5835
-5780
-5758
-5605
-5372
-5806
-5749
-5610
-5666
-5257
-5620
-5408
-5490
-5807
-5541
-5811
-5638
-5343
-5490
-5296
-5629
-5511
-5383
-5844
-5282
-5520
-5618
-5635
-5810
-5623
-5867
-5674
-5768
-5807
-5527
-5347
-5385
-5522
-5768
-5495
-5430
-5402
-5740
-5532
-5793
-5402
-5626
-5366
-5581
-5746
-5363
-5844
-5285
-5371
-5377
-5679
-5295
-5703
-5711
-5888
-5724
-5425
-5818
-5502
-5837
-5453
-5710
-5875
-5906
-5393
-5607
-5750
-5483
-5312
-5285
-5803
-5398
-5679
-5473
-5448
-5846
-5892
-5534
-5453
-5696
-5890
-5848
-5881
-5632
-5549
-5623
-5720
-5689
-5518
-5462
-5473
-5866
-5392
-5525
-5804
-5554
-5825
-5329
-5894
-5488
-5485
-5538
-5697
-5495
-5453
-5531
-5637
-5610
-5668
-5464
-5608
-5745
-5793
-5606
-5860
-5939
-5476
-5487
-5904
-5849
-5917
-5557
-5414
-5683
-5910
-5756
-5923
-5443
-5557
-5454
-5685
-5531
-5472
-5693
-5440
-5556
-5600
-5391
-5916
-5416
-5682
-5838
-5672
-5790
-5753
-5388
-5528
-5529
-5367
-5564
-5982
-5668
-5593
-5440
-5976
-5639
-5898
-5702
-5786
-5955
-5790
-5980
-5429
-5572
-5494
-5642
-5435
-5959
-5629
-5424
-5919
-5765
-5403
-5996
-6013
-5526
-5621
-5526
-5400
-6013
-5892
-5556
-5781
-5544
-5851
-6041
-5776
-5827
-5712
-5470
-5537
-6030
-5618
-5481
-5703
-5675
-5489
-5736
-5509
-5494
-5915
-5690
-5848
-5479
-5940
-5789
-5909
-6048
-6034
-5885
-5683
-6041
-5868
-5955
-5907
-6031
-5843
-6065
-5535
-5594
-5661
-5918
-5919
-5723
-5764
-5496
-6043
-5586
-5636
-6036
-5845
-5855
-5630
-6015
-5591
-5761
-5628
-5860
-5849
-5972
-5883
-5958
-5596
-5711
-5989
-5751
-5833
-5493
-5618
-5691
-5881
-5642
-5751
-5962
-5771
-5809
-5966
-5700
-5858
-5581
-5524
-5929
-5786
-5542
-5751
-5492
-5668
-5684
-5553
-5728
-5771
-5608
-5762
-5795
-5571
-5977
-5647
-6108
-5595
-5852
-6091
-5661
-6045
-5980
-6078
-5804
-5655
-5598
-5929
-5997
-5782
-5944
-5996
-5707
-5889
-6004
-5770
-6134
-5526
-5899
-5605
-5578
-5567
-5752
-5619
-5851
-5709
-6161
-5933
-6088
-5818
-5622
-6010
-5976
-5566
-6174
-6077
-5901
-5658
-6088
-5585
-5778
-5897
-6057
-5747
-6102
-5700
-6091
-5952
-5550
-5649
-5799
-6081
-5936
-6175
-5909
-5976
-5681
-5779
-5560
-5899
-5889
-5603
-5585
-5775
-6012
-6182
-5899
-5666
-5795
-5953
-5634
-5661
-5956
-5625
-5869
-6011
-6149
-6097
-6160
-6178
-6090
-5973
-5708
-6163
-6019
-6138
-5933
-6014
-5746
-5775
-5956
-5928
-6201
-5992
-5888
-5866
-6114
-6017
-5673
-6228
-6206
-5643
-6152
-6015
-5664
-6215
-5980
-6086
-5638
-5940
-6239
-5983
-5917
-5767
-6073
-6240
-6115
-6128
-6131
-6135
-5673
-5800
-6144
-5979
-6100
-5975
-6263
-5706
-5651
-5753
-6094
-5938
-5800
-5981
-6186
-5737
-5933
-5804
-6231
-6218
-5932
-6212
-6274
-6138
-5894
-6060
-6245
-6065
-6112
-6173
-5932
-5667
-5965
-6115
-5739
-6099
-6175
-6163
-6195
-6132
-5728
-5866
-6077
-5956
-5998
-6304
-6219
-5793
-5990
-6167
-5888
-6080
-5752
-5822
-5986
-6174
-5919
-5832
-6255
-6032
-6246
-5883
-6258
-5893
-5859
-6076
-6318
-5995
-6249
-6130
-5705
-5935
-5958
-5759
-6088
-6326
-6243
-6238
-6336
-6050
-5812
-6109
-6068
-6068
-6156
-6034
-6041
-6156
-6072
-6134
-5847
-5863
-5989
-6196
-5764
-6092
-6086
-6092
-5978
-5876
-5859
-5786
-5757
-6057
-6306
-5732
-5965
-5731
-5987
-6241
-5751
-5776
-6024
-5918
-5779
-5842
-6113
-6025
-6048
-5756
-6335
-5860
-6042
-6220
-5914
-5773
-5758
-6090
-5813
-6134
-5998
-6095
-6047
-6175
-5984
-6135
-6310
-6227
-6136
-6237
-5912
-5991
-5929
-5860
-5977
-6357
-6375
-6282
-6309
-6302
-5969
-6240
-5801
-5836
-6205
-5913
-5821
-5856
-5807
-6163
-5953
-6206
-5786
-6183
-6015
-6139
-5859
-5935
-5787
-5796
-5998
-6243
-5834
-5819
-6305
-6383
-5822
-5980
-6387
-5832
-6162
-6237
-6312
-5889
-6138
-5998
-6299
-6274
-6037
-6437
-6293
-5836
-6329
-6341
-5984
-5971
-6431
-5918
-5996
-6337
-6385
-6415
-6236
-6332
-5995
-6127
-5941
-6137
-5913
-5914
-6309
-5966
-6424
-6171
-5832
-6232
-6392
-6028
-6357
-6271
-6264
-5850
-6032
-6416
-6357
-6218
-6141
-6069
-6235
-6451
-6372
-6213
-6100
-6055
-6170
-6365
-6036
-6122
-6076
-6059
-6219
-5953
-6381
-6043
-6213
-6098
-6349
-6033
-6245
-6200
-5912
-6015
-6252
-5875
-5899
-6142
-6471
-5992
-6232
-6232
-5956
-6499
-6451
-6453
-6041
-6248
-6071
-5909
-6475
-6521
-5999
-6283
-6360
-6266
-6290
-5997
-6354
-6299
-6448
-6222
-6239
-6183
-6204
-5906
-6518
-6349
-6022
-6094
-6384
-6398
-6096
-6075
-6191
-6391
-6372
-6221
-6492
-6133
-6186
-6472
-6325
-6259
-6097
-5974
-6047
-6170
-6139
-6425
-6199
-6111
-6294
-6461
-6516
-6416
-6565
-6517
-6373
-6552
-6194
-6075
-6018
-5946
-6354
-6071
-6454
-6038
-6569
-6579
-6460
-6360
-6509
-6016
-6051
-6382
-6090
-6585
-6481
-6578
-6170
-6461
-6230
-5959
-6511
-6143
-6546
-6240
-6326
-5991
-6286
-6458
-6373
-6025
-6456
-6290
-6410
-6554
-6116
-6479
-6096
-6462
-6305
-6222
-6297
-6066
-6188
-6086
-6169
-5995
-6029
-6040
-6128
-6558
-6359
-5998
-6026
-6051
-6040
-6384
-6299
-6500
-6453
-6626
-6639
-6417
-6512
-6272
-6373
-6479
-6203
-6157
-6013
-6323
-6176
-6155
-6340
-6270
-6228
-6031
-6563
-6265
-6084
-6554
-6289
-6187
-6650
-6034
-6607
-6075
-6154
-6104
-6629
-6203
-6609
-6206
-6638
-6137
-6473
-6561
-6662
-6602
-6039
-6341
-6160
-6644
-6644
-6185
-6529
-6410
-6117
-6132
-6492
-6317
-6379
-6245
-6359
-6236
-6574
-6352
-6131
-6430
-6655
-6383
-6251
-6315
-6674
-6562
-6244
-6675
-6541
-6095
-6590
-6280
-6680
-6204
-6112
-6711
-6159
-6483
-6266
-6708
-6662
-6426
-6439
-6499
-6299
-6240
-6611
-6636
-6112
-6589
-6705
-6724
-6391
-6212
-6695
-6211
-6470
-6439
-6413
-6258
-6523
-6298
-6229
-6679
-6403
-6455
-6468
-6252
-6528
-6571
-6456
-6405
-6434
-6660
-6189
-6691
-6701
-6350
-6345
-6160
-6595
-6644
-6605
-6433
-6442
-6474
-6586
-6489
-6666
-6455
-6524
-6733
-6280
-6134
-6264
-6220
-6273
-6243
-6368
-6229
-6396
-6184
-6542
-6263
-6493
-6225
-6225
-6444
-6168
-6597
-6303
-6225
-6787
-6590
-6662
-6727
-6771
-6473
-6381
-6276
-6755
-6567
-6712
-6364
-6237
-6268
-6724
-6231
-6321
-6453
-6352
-6459
-6736
-6762
-6217
-6656
-6353
-6734
-6388
-6678
-6698
-6768
-6517
-6339
-6556
-6399
-6534
-6186
-6771
-6733
-6333
-6457
-6700
-6510
-6649
-6711
-6483
-6669
-6718
-6777
-6256
-6273
-6465
-6206
-6767
-6747
-6454
-6282
-6647
-6320
-6753
-6787
-6360
-6524
-6507
-6676
-6394
-6698
-6549
-6463
-6703
-6643
-6751
-6224
-6858
-6547
-6511
-6246
-6550
-6635
-6545
-6401
-6540
-6680
-6490
-6510
-6549
-6384
-6391
-6512
-6751
-6565
-6394
-6817
-6523
-6641
-6299
-6625
-6311
-6846
-6787
-6274
-6793
-6272
-6735
-6817
-6444
-6810
-6358
-6591
-6564
-6815
-6627
-6581
-6843
-6501
-6566
-6652
-6768
-6841
-6837
-6586
-6710
-6856
-6435
-6749
-6648
-6482
-6885
-6314
-6650
-6459
-6295
-6452
-6776
-6857
-6671
-6459
-6498
-6333
-6584
-6596
-6507
-6536
-6644
-6444
-6572
-6586
-6494
-6781
-6705
-6659
-6457
-6817
-6689
-6408
-6416
-6722
-6483
-6860
-6848
-6857
-6655
-6783
-6592
-6805
-6613
-6323
-6647
-6714
-6635
-6425
-6646
-6801
-6840
-6890
-6566
-6675
-6886
-6658
-6593
-6377
-6749
-6596
-6340
-6846
-6397
-6648
-6540
-6356
-6710
-6761
-6619
-6518
-6827
-6353
-6678
-6900
-6705
-6976
-6526
-6475
-6988
-6805
-6735
-6852
-6394
-6926
-6662
-6600
-6674
-6857
-6497
-6707
-6970
-6574
-6663
-6750
-6741
-6597
-6813
-6648
-6422
-6469
-6693
-6983
-6629
-6781
-6870
-6415
-6714
-6954
-6795
-6673
-6783
-6917
-6927
-6759
-6857
-6467
-6766
-6521
-6912
-6963
-6557
-6448
-6765
-6849
-6550
-6521
-6776
-6497
-6448
-7014
-6897
-6527
-6763
-6966
-6738
-6551
-6838
-6922
-6516
-6946
-7036
-6894
-6969
-6994
-6457
-6912
-6740
-6550
-6615
-6447
-6926
-6729
-6865
-6652
-6541
-6876
-6912
-6558
-6558
-7003
-6448
-6509
-6664
-6768
-6893
-6911
-6861
-6825
-6560
-6896
-6808
-6600
-6724
-6914
-6799
-6804
-6797
-6916
-6941
-6770
-6968
-6616
-6487
-6583
-6721
-6986
-7031
-6613
-6637
-6682
-6706
-6746
-6847
-6957
-6584
-6617
-6986
-7063
-6742
-6722
-6939
-6946
-6839
-6773
-6750
-6702
-6538
-6575
-6857
-6896
-7027
-6872
-7083
-6595
-6886
-6968
-7001
-6959
-6623
-7025
-7067
-7046
-6947
-7121
-6964
-6604
-6965
-6903
-6613
-6745
-6622
-6917
-6530
-6906
-7006
-6560
-6971
-7112
-6947
-6847
-6893
-6552
-6582
-6799
-6551
-6880
-6679
-6619
-6613
-6651
-7097
-6996
-6603
-7105
-6769
-7031
-7126
-7027
-6742
-6767
-6745
-7087
-6635
-6897
-6734
-7038
-6781
-7160
-6639
-7111
-6959
-6809
-7143
-7143
-6942
-6947
-6871
-6743
-6828
-6595
-6836
-6590
-7008
-6713
-6908
-6752
-7043
-6670
-7112
-7199
-6655
-6700
-7135
-7077
-6732
-7033
-6936
-6907
-6596
-6649
-6648
-7011
-6901
-6594
-6813
-6994
-6773
-7211
-6696
-7083
-6707
-6686
-6951
-6961
-7056
-7015
-7228
-6787
-6924
-6756
-6926
-7189
-7014
-6880
-6619
-7183
-6695
-6661
-6875
-6925
-6672
-6646
-7118
-6679
-6871
-6789
-6749
-6975
-7105
-7062
-7086
-7068
-6788
-6841
-7238
-7230
-6775
-6685
-6839
-6797
-7118
-6932
-6728
-6890
-7229
-6690
-7142
-7048
-7215
-6935
-7096
-7159
-6945
-7054
-6688
-6846
-6743
-6684
-6791
-7280
-7221
-6910
-7166
-6874
-6902
-6732
-7015
-7263
-6803
-6679
-7164
-7218
-7076
-6751
-6676
-7112
-6751
-7114
-6687
-7175
-7143
-6748
-7026
-6796
-6820
-6973
-6993
-6826
-6829
-6740
-6760
-6995
-6791
-7123
-6829
-6938
-7052
-6933
-7118
-7310
-7212
-6917
-6982
-7025
-6841
-6731
-7181
-7026
-6782
-6736
-7267
-6850
-6754
-6798
-7118
-6737
-6874
-7147
-6961
-7017
-6826
-7283
-7218
-7218
-7281
-6797
-6967
-7095
-7187
-6748
-6943
-7055
-6913
-6809
-6878
-7135
-7205
-6983
-7085
-7242
-7195
-7052
-7294
-6870
-6937
-7210
-7219
-6954
-7041
-7164
-6819
-6821
-7304
-6753
-6946
-6795
-7131
-7347
-7248
-6756
-6879
-7012
-6836
-7225
-7047
-7253
-7238
-6844
-6799
-7077
-7310
-6850
-6983
-7271
-7384
-7379
-7230
-7146
-7103
-7096
-6966
-6908
-7163
-7066
-7381
-7283
-7402
-7227
-7172
-6832
-6822
-7131
-7245
-6921
-6807
-7268
-6985
-7228
-7288
-7249
-7219
-7356
-6881
-7257
-6872
-7318
-7357
-7373
-7195
-7020
-7059
-7276
-7295
-7310
-7188
-7117
-6869
-7252
-7266
-6846
-7219
-7198
-6928
-7115
-7382
-7320
-7380
-6895
-7166
-7235
-7404
-6819
-7352
-6824
-7435
-6913
-6831
-7194
-7165
-7007
-7399
-6835
-6886
-6935
-7158
-7026
-7436
-7030
-7348
-7339
-6933
-7326
-7435
-7464
-7257
-7199
-7213
-7254
-7481
-6921
-7010
-6848
-7429
-7215
-6852
-7187
-7002
-7371
-7341
-7309
-7142
-6864
-7160
-7433
-7119
-7160
-6894
-6958
-7131
-7391
-7395
-7230
-6942
-6992
-6953
-7392
-7462
-7293
-6927
-7217
-7032
-6993
-7191
-7264
-7132
-7372
-6999
-7101
-6928
-7110
-7164
-7509
-7129
-7343
-7011
-6902
-7000
-7257
-7326
-7227
-7099
-7314
-7426
-7474
-7039
-7289
-6903
-7108
-6985
-7045
-6925
-7198
-7071
-7322
-7057
-7388
-7407
-7312
-7351
-7065
-7462
-6966
-7485
-7078
-7111
-7064
-7074
-7071
-7231
-7195
-7199
-7066
-7124
-7317
-6976
-7085
-7227
-7525
-7047
-7229
-7081
-7067
-7228
-7306
-7215
-7143
-7443
-7485
-7350
-7122
-7161
-7373
-7451
-6996
-7225
-7189
-7450
-7136
-7044
-7084
-7361
-7396
-6968
-7063
-6961
-7205
-6982
-7262
-7456
-7027
-7439
-7440
-7088
-6974
-7427
-7360
-7437
-7393
-7414
-7044
-7262
-7296
-7368
-7365
-7004
-7383
-7571
-7139
-7489
-7239
-7534
-7115
-7393
-7446
-6993
-7174
-7308
-7410
-7399
-7024
-7176
-7145
-7386
-7409
-7469
-7499
-7473
-7145
-7156
-7590
-7412
-7461
-7313
-7029
-7075
-7625
-7421
-7071
-7039
-7148
-7193
-7146
-7449
-7087
-7256
-7230
-7083
-7090
-7195
-7037
-7514
-7296
-7397
-7531
-7446
-7639
-7462
-7656
-7383
-7382
-7047
-7379
-7227
-7411
-7195
-7602
-7245
-7117
-7452
-7298
-7367
-7471
-7379
-7648
-7062
-7365
-7485
-7170
-7107
-7374
-7306
-7172
-7406
-7673
-7664
-7644
-7253
-7645
-7688
-7507
-7441
-7421
-7494
-7584
-7519
-7241
-7251
-7514
-7438
-7339
-7335
-7248
-7227
-7272
-7689
-7372
-7165
-7181
-7523
-7258
-7478
-7148
-7552
-7138
-7514
-7273
-7379
-7458
-7356
-7174
-7723
-7221
-7281
-7406
-7129
-7517
-7187
-7375
-7400
-7676
-7104
-7303
-7166
-7125
-7285
-7431
-7718
-7552
-7405
-7684
-7137
-7286
-7531
-7243
-7677
-7584
-7519
-7492
-7372
-7563
-7326
-7217
-7529
-7570
-7349
-7536
-7456
-7339
-7513
-7664
-7134
-7301
-7625
-7135
-7301
-7415
-7346
-7612
-7520
-7252
-7223
-7506
-7388
-7269
-7486
-7406
-7682
-7789
-7322
-7299
-7575
-7331
-7168
-7413
-7590
-7248
-7557
-7605
-7286
-7578
-7773
-7562
-7416
-7681
-7743
-7706
-7569
-7496
-7267
-7343
-7741
-7326
-7498
-7284
-7557
-7591
-7520
-7791
-7392
-7606
-7260
-7195
-7505
-7731
-7492
-7470
-7544
-7675
-7492
-7676
-7525
-7582
-7611
-7830
-7632
-7798
-7570
-7253
-7828
-7432
-7431
-7387
-7772
-7542
-7631
-7236
-7391
-7354
-7601
-7747
-7571
-7399
-7743
-7806
-7801
-7670
-7276
-7797
-7753
-7636
-7591
-7577
-7245
-7502
-7437
-7655
-7297
-7707
-7560
-7823
-7274
-7777
-7572
-7578
-7290
-7246
-7258
-7461
-7289
-7557
-7333
-7767
-7650
-7392
-7250
-7839
-7614
-7794
-7389
-7401
-7764
-7694
-7353
-7278
-7721
-7670
-7417
-7377
-7350
-7354
-7355
-7776
-7895
-7523
-7530
-7341
-7630
-7641
-7311
-7393
-7659
-7461
-7828
-7542
-7888
-7409
-7463
-7410
-7910
-7521
-7440
-7517
-7544
-7336
-7360
-7375
-7306
-7613
-7621
-7467
-7432
-7349
-7303
-7845
-7585
-7797
-7331
-7298
-7580
-7522
-7902
-7902
-7472
-7768
-7926
-7873
-7869
-7909
-7425
-7859
-7450
-7821
-7944
-7875
-7929
-7571
-7926
-7457
-7420
-7779
-7825
-7465
-7509
-7630
-7396
-7484
-7510
-7885
-7494
-7951
-7680
-7432
-7720
-7600
-7598
-7851
-7843
-7817
-7716
-7441
-7478
-7683
-7809
-7541
-7615
-7732
-7643
-7957
-7598
-7889
-7471
-7732
-7630
-7931
-7920
-7374
-7589
-7368
-7409
-7716
-7560
-7465
-7513
-7967
-7475
-7601
-7762
-7469
-7678
-7905
-7910
-7695
-7375
-7790
-7411
-7759
-7515
-7872
-7803
-7784
-7847
-7386
-7876
-7683
-8019
-7445
-7927
-7519
-7952
-7762
-7751
-7766
-7704
-7552
-7763
-7546
-7823
-7852
-7701
-7498
-7986
-7875
-7418
-7601
-7464
-7830
-7540
-8049
-7821
-7460
-7460
-7549
-7538
-8050
-7604
-7613
-7836
-7661
-7601
-8048
-7721
-7600
-7847
-7646
-7525
-7899
-7521
-7435
-8061
-7644
-7615
-7952
-7980
-7547
-7794
-7999
-7798
-7462
-7675
-7659
-7961
-7870
-7877
-7582
-7672
-7680
-7659
-7694
-8020
-7686
-8041
-7682
-7999
-7659
-7894
-7802
-7769
-7687
-7593
-7966
-7566
-7768
-8097
-7742
-8072
-8022
-7851
-7893
-7509
-7567
-7758
-7978
-8116
-7807
-7839
-7536
-7787
-7891
-7992
-7738
-7659
-8011
-7825
-7585
-7867
-7977
-7540
-7666
-7908
-7490
-7610
-7934
-7776
-7850
-7533
-7756
-7730
-8000
-7517
-7877
-7850
-7657
-8044
-7665
-7649
-8047
-7944
-7825
-7665
-8016
-7784
-8005
-7913
-7937
-7745
-7901
-7662
-8121
-7769
-7613
-8098
-7904
-7789
-7858
-7896
-7650
-7738
-8069
-7637
-7621
-7568
-8040
-7609
-7760
-7860
-7825
-7750
-7566
-8170
-8061
-7995
-7870
-7646
-8107
-8186
-7949
-7832
-7879
-7838
-7911
-7900
-7808
-7709
-7974
-7644
-7899
-7871
-8181
-7665
-8010
-8102
-7786
-7998
-7732
-7720
-7947
-8099
-7621
-7774
-7952
-7968
-7959
-7606
-7980
-7958
-8050
-8194
-8170
-7681
-7916
-8039
-8072
-8073
-7921
-7627
-7777
-7926
-7947
-8134
-8023
-8054
-8091
-8211
-7838
-7688
-8098
-8071
-8089
-8061
-7999
-7920
-8089
-8142
-8070
-7844
-7619
-8085
-7619
-7789
-8170
-8210
-7878
-7885
-7784
-7689
-8127
-7712
-7812
-8024
-7839
-8203
-7986
-7866
-8034
-7659
-8071
-8233
-8047
-7783
-7964
-7814
-7713
-7885
-8264
-8185
-7990
-8074
-8028
-7835
-8106
-7673
-7816
-8286
-7766
-8048
-7946
-8185
-7672
-8241
-7766
-7812
-8095
-7751
-8191
-8000
-8297
-8035
-8195
-7832
-7996
-8298
-7843
-8292
-8062
-7881
-8257
-7727
-8207
-8182
-8152
-7689
-8072
-8193
-8314
-8021
-7701
-8250
-7933
-7866
-7704
-7986
-8292
-7889
-8296
-7919
-8088
-8103
-7689
-8116
-7745
-8313
-8023
-8104
-8034
-8037
-7912
-7821
-8068
-7711
-8244
-8099
-8051
-8194
-7812
-8126
-7780
-8245
-7801
-8344
-7941
-7761
-8183
-8345
-8220
-8059
-7967
-8105
-8177
-8261
-8021
-8173
-7843
-8086
-7795
-7958
-7779
-8015
-7732
-7990
-8223
-8274
-8284
-7839
-8171
-7913
-7782
-8028
-7897
-8059
-8012
-8007
-7771
-7815
-7786
-7821
-8058
-8038
-8383
-8361
-7790
-8029
-8147
-7926
-7980
-8047
-8294
-7788
-7999
-7817
-8392
-8047
-8347
-8301
-7966
-8257
-7774
-8193
-8379
-8365
-8005
-7789
-8237
-8378
-7886
-8418
-7910
-8031
-8266
-7982
-8177
-8112
-8071
-8113
-8092
-8086
-8414
-7911
-8364
-7875
-8187
-8136
-8366
-7923
-7991
-8324
-7875
-7864
-8359
-8188
-8328
-8057
-8078
-8402
-7873
-8267
-8077
-7867
-8027
-8398
-8330
-8008
-8019
-7903
-8127
-7820
-8297
-8020
-8019
-8079
-7879
-8336
-7915
-8140
-8370
-8029
-8087
-8063
-8150
-8343
-7910
-8289
-7915
-8083
-8357
-8112
-7933
-8427
-8412
-7987
-7946
-8356
-8018
-7995
-8166
-8007
-8352
-7933
-8042
-8169
-8250
-7860
-8126
-7998
-8426
-8101
-8053
-7909
-8412
-8001
-8166
-8128
-7882
-8042
-8279
-8278
-8388
-8490
-8092
-8371
-8406
-8005
-8239
-8052
-8412
-8388
-8252
-8416
-7924
-7892
-8502
-8448
-8151
-8138
-8101
-7939
-8160
-8408
-7922
-7940
-8482
-8333
-8062
-8195
-8304
-8224
-7983
-7911
-8283
-7977
-8472
-7907
-7963
-8527
-8211
-7991
-8191
-8005
-8181
-8274
-8074
-8496
-8413
-8132
-7991
-8060
-8379
-8368
-8195
-8482
-8227
-8209
-8007
-8316
-8078
-8183
-8306
-8332
-8349
-8258
-8517
-7990
-8233
-8382
-7995
-8295
-8155
-8060
-8105
-8317
-8214
-7959
-8127
-8517
-8230
-8154
-8151
-8084
-7965
-8587
-8052
-8011
-8502
-8523
-8010
-8469
-8402
-8307
-8067
-8282
-8124
-8060
-8588
-7967
-8343
-8312
-8472
-8542
-8201
-8479
-8162
-8116
-8361
-8516
-8232
-8042
-8087
-8584
-8303
-8133
-8324
-8436
-8110
-8110
-8513
-8455
-8524
-8522
-8521
-8616
-8584
-8600
-8220
-8564
-8327
-8288
-8456
-8497
-8025
-8615
-8132
-8104
-8369
-8449
-8016
-8065
-8555
-8431
-8541
-8323
-8426
-8515
-8381
-8234
-8579
-8028
-8211
-8245
-8038
-8135
-8607
-8239
-8593
-8144
-8082
-8289
-8361
-8235
-8324
-8485
-8558
-8209
-8195
-8444
-8142
-8070
-8093
-8245
-8428
-8323
-8406
-8285
-8443
-8101
-8627
-8284
-8209
-8259
-8096
-8639
-8472
-8279
-8131
-8168
-8523
-8598
-8386
-8173
-8130
-8561
-8149
-8367
-8560
-8660
-8220
-8315
-8522
-8453
-8265
-8289
-8359
-8157
-8696
-8126
-8702
-8116
-8389
-8282
-8130
-8613
-8387
-8282
-8523
-8262
-8300
-8453
-8286
-8715
-8206
-8317
-8325
-8482
-8097
-8111
-8346
-8508
-8455
-8547
-8548
-8156
-8465
-8243
-8624
-8326
-8358
-8141
-8329
-8612
-8402
-8282
-8693
-8493
-8589
-8429
-8750
-8610
-8279
-8627
-8639
-8386
-8731
-8531
-8479
-8160
-8666
-8165
-8298
-8254
-8684
-8431
-8711
-8390
-8759
-8210
-8204
-8351
-8543
-8708
-8189
-8544
-8478
-8614
-8549
-8425
-8480
-8783
-8254
-8211
-8156
-8331
-8580
-8290
-8436
-8342
-8782
-8158
-8370
-8379
-8201
-8322
-8201
-8362
-8334
-8508
-8348
-8344
-8617
-8198
-8638
-8424
-8548
-8689
-8347
-8688
-8214
-8691
-8477
-8542
-8439
-8636
-8317
-8428
-8663
-8210
-8783
-8331
-8455
-8822
-8325
-8644
-8679
-8752
-8400
-8206
-8644
-8300
-8275
-8272
-8350
-8588
-8434
-8504
-8842
-8368
-8211
-8498
-8292
-8567
-8316
-8392
-8589
-8588
-8820
-8583
-8842
-8490
-8619
-8375
-8434
-8404
-8390
-8768
-8535
-8687
-8497
-8801
-8801
-8360
-8675
-8648
-8403
-8828
-8750
-8446
-8495
-8360
-8404
-8274
-8244
-8845
-8434
-8752
-8729
-8802
-8496
-8500
-8790
-8654
-8557
-8571
-8870
-8667
-8452
-8650
-8600
-8398
-8794
-8499
-8809
-8895
-8502
-8843
-8335
-8872
-8470
-8487
-8304
-8272
-8539
-8461
-8568
-8859
-8546
-8766
-8551
-8758
-8404
-8576
-8558
-8673
-8310
-8852
-8555
-8669
-8476
-8649
-8908
-8928
-8591
-8320
-8617
-8758
-8908
-8856
-8456
-8873
-8639
-8413
-8933
-8580
-8458
-8419
-8643
-8623
-8821
-8512
-8814
-8498
-8567
-8583
-8429
-8825
-8740
-8763
-8896
-8839
-8489
-8494
-8326
-8421
-8675
-8928
-8803
-8593
-8526
-8907
-8403
-8368
-8615
-8434
-8736
-8860
-8701
-8529
-8375
-8824
-8571
-8539
-8869
-8641
-8848
-8739
-8559
-8723
-8529
-8973
-8886
-8711
-8822
-8590
-8579
-8620
-8684
-8746
-8970
-8517
-8688
-8820
-8454
-8874
-8981
-8860
-8868
-8542
-8961
-8499
-8370
-8448
-8562
-8763
-8965
-8383
-8680
-8609
-8596
-8895
-8411
-8442
-8783
-8576
-8926
-8539
-8601
-9007
-8554
-8866
-8842
-8397
-8704
-8984
-8664
-8730
-8455
-8427
-8830
-8842
-8704
-8482
-8785
-8624
-8506
-9002
-8569
-8933
-9040
-8410
-8422
-8946
-8673
-8734
-8585
-8766
-8783
-8852
-8560
-8435
-8947
-9027
-8986
-8960
-8618
-8514
-8483
-8986
-8846
-8903
-9046
-8985
-8740
-9013
-8863
-8449
-8438
-8742
-8485
-8702
-8884
-8947
-8872
-8496
-8762
-8708
-8864
-8900
-8964
-8823
-8706
-8912
-8923
-8962
-8965
-9015
-8932
-8468
-9049
-8855
-9042
-8931
-8674
-8480
-9025
-8986
-9033
-8498
-8946
-8779
-8509
-9007
-8499
-8534
-8699
-8924
-8513
-8761
-8982
-8890
-9046
-8750
-9091
-8926
-8910
-8769
-8820
-8810
-8953
-8667
-9111
-8735
-9027
-9102
-9098
-8662
-8794
-8660
-9068
-8657
-8645
-8660
-8826
-8636
-8643
-9070
-8569
-9107
-8859
-9076
-8852
-8642
-8671
-8795
-8762
-9007
-8909
-8606
-8634
-8809
-9122
-8765
-8892
-8995
-8618
-8868
-8912
-9022
-8738
-8781
-8762
-8697
-8717
-9109
-9155
-8813
-8797
-8628
-9135
-8719
-9026
-8940
-8864
-8775
-8599
-8820
-8708
-8691
-9186
-9032
-8709
-8755
-8648
-9127
-9013
-9015
-8651
-8640
-8887
-8843
-8808
-8576
-8878
-8564
-8879
-8922
-8745
-8723
-8713
-8703
-9088
-9145
-8804
-8571
-8927
-8645
-8611
-8924
-9035
-8838
-8621
-9072
-9131
-8798
-8781
-8724
-8988
-8618
-8674
-8844
-8813
-9039
-9222
-8915
-9041
-9170
-9121
-8613
-9178
-8935
-9180
-8862
-8622
-9006
-8872
-8915
-8901
-8846
-8960
-8955
-8621
-8630
-9087
-8691
-8727
-9217
-8670
-9131
-8803
-8760
-8661
-9245
-8743
-9162
-8898
-9242
-8638
-8926
-8705
-8843
-8641
-9186
-8838
-9268
-8736
-8844
-9085
-8783
-8936
-8974
-9163
-9136
-9117
-8776
-9261
-9201
-8795
-8900
-9029
-9107
-8865
-8889
-8731
-9247
-8887
-8955
-8866
-8915
-9103
-8674
-8692
-9297
-9032
-9268
-9040
-9208
-9155
-8804
-9008
-8850
-9136
-9020
-8903
-9032
-8765
-9187
-9063
-9142
-9184
-8757
-8841
-8795
-9162
-8756
-9214
-8778
-8875
-8854
-8915
-8822
-8739
-8905
-8782
-8722
-8752
-9046
-8714
-8932
-8830
-9313
-8727
-8836
-8764
-9173
-8938
-9064
-8790
-8988
-8790
-8809
-8864
-8918
-9072
-8802
-9236
-9067
-8989
-8932
-8833
-9213
-8975
-8833
-9337
-9302
-9104
-9013
-9017
-8829
-8998
-8860
-8997
-9255
-9257
-9309
-9196
-8843
-9101
-9321
-8916
-9026
-9004
-9340
-9183
-8939
-8819
-8837
-9089
-9076
-9218
-9180
-9306
-8823
-9254
-9133
-8856
-8851
-9296
-9347
-8834
-9003
-9229
-9079
-9341
-8983
-9397
-9091
-8951
-9342
-9152
-8955
-9393
-8938
-8944
-9028
-8815
-9014
-8985
-9023
-8898
-9363
-8902
-9048
-9327
-9244
-8998
-8924
-9290
-9201
-9389
-9027
-9288
-9281
-8897
-8941
-9386
-8830
-9286
-9320
-9045
-9315
-8895
-9252
-9073
-8955
-9257
-9239
-9358
-9319
-9098
-8988
-8909
-9260
-9187
-9148
-9126
-8825
-9423
-8991
-9411
-9104
-9311
-9339
-9409
-9109
-9194
-9324
-8854
-9085
-9165
-9374
-9166
-9053
-8872
-9207
-9149
-9227
-9063
-8851
-8984
-9164
-9161
-9149
-9012
-9392
-9139
-9026
-9039
-9476
-9008
-8902
-9130
-9324
-9373
-9298
-9301
-9356
-9265
-9254
-8937
-8894
-9166
-8862
-9208
-9442
-8907
-9170
-8904
-9303
-8924
-9159
-9052
-9266
-9204
-9126
-9222
-9247
-9000
-8914
-9247
-9358
-9330
-9365
-9127
-9273
-9215
-9006
-9483
-9287
-9343
-8949
-8976
-9111
-9276
-9045
-9255
-8943
-9418
-9497
-9489
-9235
-9539
-9479
-8940
-9081
-9473
-9475
-9215
-9444
-9210
-9059
-8946
-9260
-9518
-9171
-9077
-9099
-9152
-9164
-9207
-8999
-9086
-9054
-9272
-9271
-9150
-9470
-9477
-9336
-9330
-9437
-9370
-9359
-9090
-9296
-9408
-9283
-9246
-9004
-9499
-8939
-9451
-9364
-9305
-9428
-9342
-9042
-9579
-9525
-9042
-9042
-9276
-9564
-9101
-9554
-9088
-9178
-9369
-9359
-9029
-9531
-9493
-9434
-9437
-9222
-9108
-9326
-9580
-9472
-9285
-9045
-9469
-8973
-9042
-9212
-9169
-8982
-9585
-9404
-9187
-9048
-9540
-9371
-8980
-9387
-9323
-9396
-9508
-9176
-9276
-9119
-9517
-9254
-9184
-9507
-9323
-9577
-8994
-9329
-9274
-9540
-9521
-9514
-9593
-9520
-9347
-9559
-9171
-9348
-9577
-9627
-9175
-9057
-9411
-9545
-9149
-9063
-9103
-9415
-9421
-9349
-9120
-9274
-9340
-9527
-9488
-9371
-9030
-9478
-9032
-9310
-9102
-9202
-9572
-9251
-9244
-9150
-9290
-9116
-9564
-9064
-9325
-9465
-9398
-9503
-9466
-9403
-9547
-9465
-9595
-9387
-9639
-9208
-9051
-9539
-9198
-9515
-9390
-9054
-9081
-9526
-9459
-9063
-9649
-9264
-9380
-9351
-9355
-9151
-9597
-9620
-9194
-9278
-9514
-9163
-9279
-9457
-9540
-9593
-9128
-9466
-9092
-9320
-9712
-9293
-9419
-9523
-9279
-9378
-9567
-9631
-9356
-9451
-9165
-9158
-9437
-9222
-9292
-9461
-9726
-9508
-9487
-9733
-9460
-9129
-9637
-9129
-9225
-9110
-9446
-9387
-9438
-9132
-9303
-9201
-9312
-9413
-9668
-9121
-9128
-9654
-9446
-9408
-9435
-9753
-9592
-9732
-9693
-9698
-9469
-9212
-9706
-9180
-9579
-9337
-9545
-9189
-9541
-9642
-9460
-9723
-9320
-9250
-9219
-9275
-9426
-9753
-9177
-9635
-9698
-9208
-9394
-9244
-9733
-9207
-9450
-9508
-9168
-9542
-9610
-9440
-9470
-9219
-9648
-9515
-9275
-9627
-9666
-9667
-9268
-9742
-9789
-9785
-9597
-9683
-9680
-9312
-9397
-9786
-9768
-9415
-9607
-9494
-9775
-9620
-9531
-9591
-9307
-9696
-9290
-9355
-9265
-9708
-9370
-9503
-9526
-9539
-9382
-9480
-9278
-9604
-9243
-9782
-9378
-9841
-9705
-9757
-9341
-9234
-9270
-9836
-9790
-9380
-9570
-9508
-9670
-9244
-9534
-9282
-9826
-9609
-9779
-9669
-9376
-9411
-9675
-9495
-9274
-9441
-9808
-9327
-9323
-9838
-9452
-9671
-9456
-9718
-9525
-9575
-9670
-9801
-9715
-9409
-9388
-9816
-9286
-9863
-9592
-9746
-9304
-9254
-9269
-9264
-9690
-9278
-9404
-9663
-9265
-9463
-9321
-9729
-9389
-9292
-9700
-9631
-9738
-9847
-9314
-9676
-9578
-9622
-9305
-9267
-9323
-9605
-9881
-9901
-9888
-9583
-9597
-9495
-9442
-9437
-9445
-9883
-9863
-9877
-9831
-9312
-9480
-9298
-9687
-9697
-9474
-9440
-9805
-9855
-9530
-9862
-9519
-9575
-9667
-9709
-9887
-9511
-9846
-9562
-9690
-9902
-9939
-9793
-9879
-9357
-9461
-9825
-9315
-9752
-9391
-9662
-9789
-9934
-9430
-9736
-9390
-9956
-9683
-9719
-9805
-9764
-9376
-9371
-9464
-9603
-9420
-9650
-9429
-9937
-9735
-9953
-9363
-9543
-9487
-9755
-9840
-9508
-9823
-9677
-9763
-9672
-9774
-9486
-9745
-9409
-9355
-9912
-9402
-9958
-9650
-9544
-9823
-9375
-9834
-9497
-9753
-9407
-9437
-9572
-9959
-9933
-9568
-9905
-9482
-9581
-9879
-9679
-9393
-9660
-9933
-9921
-9649
-9399
-9900
-9896
-9595
-9845
-9598
-9627
-9771
-9514
-9687
-9773
-9539
-10005
-9433
-9719
-9479
-9873
-9541
-9967
-9819
-9842
-9419
-9857
-10029
-9758
-9806
-9955
-9995
-9855
-9517
-9934
-9989
-9861
-9976
-9648
-9456
-9855
-9521
-9680
-9649
-9752
-9948
-9581
-9702
-9844
-9606
-9941
-9960
-9453
-9989
-9589
-9987
-9623
-10002
-9429
-9728
-9556
-9572
-9943
-9928
-9536
-9990
-9617
-9483
-10011
-9646
-9700
-9872
-9722
-9946
-9883
-9971
-9726
-9624
-10049
-9732
-9701
-9664
-9689
-9501
-9931
-9564
-10099
-9849
-9505
-9722
-9715
-9843
-9483
-9611
-10009
-9749
-9818
-10039
-9541
-9862
-9512
-9505
-9710
-9887
-9999
-9787
-9879
-9973
-9863
-9758
-9817
-10020
-9572
-10125
-9876
-9603
-9864
-9618
-10032
-9945
-9723
-9992
-9784
-9638
-9612
-9515
-10018
-9799
-9721
-10006
-9621
-10133
-10117
-9571
-9809
-9562
-9832
-9834
-9712
-9761
-9944
-9759
-9733
-10052
-9548
-9945
-9847
-9878
-10036
-9640
-10056
-9718
-9608
-9583
-9807
-9988
-9871
-9983
-9757
-9760
-9639
-9775
-9926
-10120
-10106
-10148
-9636
-9924
-9574
-9675
-10040
-9915
-10033
-10135
-9698
-9823
-9814
-9587
-9909
-10097
-10169
-9980
-9952
-10003
-9979
-9671
-9661
-9558
-10120
-10013
-9902
-9961
-9989
-9931
-10031
-9781
-10205
-9925
-10205
-10082
-9961
-10054
-10126
-10056
-9697
-9971
-9946
-10169
-10203
-9877
-9815
-10125
-9595
-10167
-10136
-10130
-10212
-10088
-9801
-10075
-10002
-9949
-9993
-10060
-10210
-9800
-10221
-10053
-10078
-9667
-10187
-10175
-10143
-9621
-9892
-10154
-9906
-10010
-10233
-10058
-9713
-10145
-10131
-10163
-9640
-9637
-9644
-9992
-9672
-9724
-9703
-9663
-9876
-9911
-9801
-9626
-9688
-10075
-10079
-9987
-9899
-10120
-9847
-10146
-9676
-9774
-10132
-10060
-9750
-10110
-9965
-9671
-10265
-9689
-10135
-10159
-10135
-10048
-9728
-9656
-9858
-9657
-9848
-10056
-10045
-10076
-9771
-9743
-10181
-9842
-9928
-9894
-10296
-10041
-10017
-10195
-10226
-9871
-9881
-10099
-9950
-9975
-10301
-9683
-10317
-10139
-9885
-10028
-9989
-9717
-9909
-9819
-10238
-9847
-9744
-10126
-9688
-10073
-9786
-9844
-10017
-10096
-10274
-10108
-10248
-9720
-10077
-9816
-10256
-9911
-10052
-10114
-9794
-10012
-9957
-10205
-9934
-9873
-10155
-9894
-9833
-10182
-10239
-9971
-10215
-10151
-10210
-10157
-10102
-10227
-9867
-10218
-10054
-10294
-10110
-9938
-9987
-10148
-9774
-10004
-9957
-10351
-10260
-9917
-10329
-9969
-10084
-9765
-10369
-9971
-10315
-9935
-9785
-10265
-10049
-10018
-10254
-9999
-9978
-10222
-10223
-10304
-10275
-10384
-9890
-10043
-10153
-10118
-10363
-9773
-9784
-9905
-9820
-10045
-10052
-10236
-10205
-10332
-9920
-9952
-10302
-9867
-10217
-10179
-10408
-10026
-10260
-9857
-10002
-10266
-10092
-10176
-10281
-9941
-10187
-10409
-10020
-9933
-10230
-10347
-10330
-10052
-10013
-10334
-10045
-10311
-9939
-10128
-9933
-10220
-10420
-10081
-9897
-10280
-10064
-10059
-9891
-10112
-10125
-9823
-9901
-10097
-10388
-10285
-10236
-10134
-10421
-10312
-10032
-10008
-10134
-10303
-10208
-9967
-10198
-10054
-10020
-10380
-10206
-10378
-10105
-10045
-10069
-9862
-9940
-10235
-10108
-10340
-10430
-10432
-10212
-10047
-10381
-10273
-10189
-9907
-10269
-9992
-9914
-10400
-10042
-10383
-10331
-9938
-9996
-10378
-9984
-9989
-10181
-10002
-10161
-9915
-10069
-10329
-10277
-9989
-10334
-10366
-10228
-9946
-10365
-10202
-10455
-10077
-9895
-10232
-10320
-10254
-10470
-9930
-10131
-9884
-10443
-10048
-10360
-10111
-10500
-10185
-10327
-10457
-10190
-10164
-10054
-10084
-10350
-10176
-10286
-10162
-10289
-10326
-10365
-10326
-10076
-10289
-10370
-9922
-10510
-10027
-10170
-10146
-10551
-10093
-10302
-10543
-10024
-10357
-10135
-10355
-10433
-10340
-10101
-10408
-10403
-10419
-10521
-10315
-9972
-10543
-10159
-10332
-10230
-10389
-10537
-10282
-10321
-10207
-10568
-10260
-10513
-10222
-10004
-10358
-10323
-10364
-10201
-10181
-10449
-10388
-10184
-10082
-10017
-10048
-10445
-10367
-10270
-10093
-9982
-10554
-10364
-10083
-10002
-10038
-10242
-10164
-10388
-10549
-10174
-10447
-10467
-10181
-10463
-10164
-10096
-10386
-10349
-10239
-10528
-10248
-10279
-10516
-10107
-10417
-10582
-10167
-10601
-10331
-10582
-10514
-10209
-10483
-10257
-10440
-10048
-10182
-10635
-10605
-10522
-10031
-10502
-10440
-10087
-10128
-10127
-10447
-10144
-10430
-10566
-10480
-10156
-10604
-10412
-10496
-10628
-10058
-10063
-10149
-10396
-10482
-10038
-10577
-10499
-10258
-10277
-10074
-10358
-10189
-10047
-10227
-10049
-10490
-10448
-10372
-10120
-10163
-10459
-10304
-10626
-10417
-10392
-10063
-10313
-10384
-10579
-10100
-10218
-10436
-10175
-10665
-10168
-10318
-10611
-10320
-10339
-10179
-10109
-10445
-10111
-10206
-10697
-10214
-10284
-10097
-10208
-10561
-10473
-10253
-10311
-10603
-10483
-10319
-10459
-10273
-10213
-10318
-10551
-10666
-10454
-10108
-10185
-10417
-10632
-10301
-10638
-10242
-10618
-10093
-10396
-10101
-10301
-10228
-10566
-10423
-10736
-10305
-10357
-10154
-10666
-10298
-10422
-10471
-10220
-10430
-10297
-10661
-10615
-10712
-10452
-10542
-10185
-10555
-10235
-10539
-10537
-10559
-10492
-10669
-10652
-10390
-10249
-10495
-10211
-10204
-10127
-10535
-10259
-10434
-10579
-10764
-10254
-10753
-10749
-10234
-10361
-10484
-10646
-10579
-10278
-10735
-10158
-10520
-10347
-10253
-10589
-10385
-10547
-10726
-10411
-10476
-10766
-10401
-10646
-10524
-10400
-10359
-10577
-10371
-10385
-10486
-10476
-10441
-10417
-10790
-10325
-10686
-10284
-10302
-10389
-10441
-10364
-10650
-10237
-10212
-10320
-10771
-10811
-10552
-10653
-10284
-10638
-10808
-10586
-10704
-10463
-10369
-10812
-10804
-10526
-10543
-10534
-10537
-10804
-10584
-10354
-10592
-10546
-10528
-10634
-10647
-10243
-10793
-10218
-10202
-10440
-10282
-10311
-10838
-10458
-10362
-10678
-10477
-10462
-10844
-10768
-10328
-10782
-10616
-10506
-10575
-10741
-10370
-10752
-10565
-10466
-10555
-10587
-10545
-10530
-10605
-10796
-10680
-10631
-10271
-10482
-10542
-10749
-10536
-10463
-10581
-10265
-10829
-10435
-10728
-10509
-10274
-10699
-10371
-10261
-10574
-10499
-10880
-10775
-10721
-10477
-10871
-10542
-10334
-10356
-10760
-10423
-10842
-10695
-10590
-10809
-10790
-10780
-10573
-10347
-10494
-10742
-10533
-10816
-10446
-10489
-10884
-10812
-10846
-10603
-10624
-10587
-10585
-10531
-10411
-10883
-10590
-10842
-10538
-10825
-10736
-10347
-10749
-10591
-10734
-10320
-10788
-10595
-10594
-10316
-10814
-10614
-10721
-10690
-10404
-10675
-10447
-10810
-10380
-10909
-10656
-10599
-10661
-10851
-10556
-10812
-10858
-10835
-10614
-10932
-10693
-10925
-10502
-10447
-10332
-10439
-10482
-10853
-10386
-10962
-10418
-10643
-10929
-10559
-10378
-10478
-10873
-10740
-10820
-10805
-10545
-10702
-10870
-10961
-10737
-10496
-10669
-10961
-10884
-10805
-10552
-10380
-10897
-10377
-10925
-10574
-10371
-10710
-10705
-10498
-10517
-10369
-10986
-10707
-10654
-10820
-10383
-10730
-10416
-10585
-10430
-10887
-10378
-10649
-10751
-10871
-10691
-10863
-10700
-10416
-10758
-10895
-10584
-10452
-10432
-10813
-10809
-10991
-10878
-10760
-10962
-10419
-10482
-10625
-10395
-10639
-10563
-10839
-10779
-10741
-10871
-10920
-10529
-10480
-10582
-10896
-10913
-10437
-10772
-10599
-10670
-10555
-10722
-10467
-10877
-10926
-10703
-10425
-10715
-10969
-10859
-10541
-10879
-10957
-10853
-10872
-10833
-10630
-11010
-10529
-10895
-10615
-11007
-10873
-10777
-10969
-10446
-10706
-10462
-10988
-10617
-10650
-10575
-10531
-10898
-10820
-10776
-10949
-10621
-10887
-10629
-10941
-10839
-10687
-10567
-10847
-10949
-10744
-10969
-10757
-10728
-10991
-10694
-11026
-10941
-10477
-10944
-10598
-10682
-10828
-10586
-11088
-10644
-10585
-10676
-10753
-10675
-10607
-11039
-10504
-10602
-10909
-10530
-10752
-10538
-10987
-10807
-10972
-11010
-10538
-10811
-11025
-10895
-10974
-10918
-10786
-10989
-10706
-10550
-10827
-10733
-10673
-10995
-11019
-11023
-11143
-10930
-11141
-10795
-10553
-10940
-10674
-11089
-10698
-10925
-10578
-10895
-11138
-10839
-11134
-10818
-10618
-10963
-11023
-10739
-11022
-10697
-10594
-10554
-10869
-10713
-10561
-10962
-10820
-10781
-10880
-10793
-10648
-11155
-10556
-10890
-11113
-10555
-10637
-10618
-10705
-10885
-11005
-10849
-10606
-10551
-10848
-11169
-11179
-10808
-10859
-10803
-10978
-10981
-10831
-11165
-10661
-10905
-11161
-10811
-10590
-10921
-11037
-11184
-10890
-11141
-10747
-10767
-11044
-10631
-11139
-11163
-10758
-10768
-10651
-10650
-11033
-10673
-10814
-10691
-11047
-10856
-11177
-11093
-10696
-10622
-10814
-11036
-10874
-10825
-11008
-11024
-10906
-11147
-10932
-11078
-10617
-10802
-10914
-10640
-11031
-11215
-10794
-11127
-11031
-10923
-10783
-10713
-10650
-10844
-10917
-10642
-10805
-10980
-10948
-11243
-11014
-10977
-10699
-11148
-10737
-10743
-11116
-11056
-11053
-10676
-11084
-10896
-11032
-10732
-10935
-10923
-11224
-10916
-11068
-11057
-10679
-10952
-10987
-11266
-10686
-11128
-11200
-11084
-10923
-10965
-11024
-11089
-10912
-11238
-10737
-11252
-10734
-10878
-11073
-11123
-10885
-11288
-11155
-10863
-10735
-10818
-10734
-10780
-11001
-11008
-10712
-10898
-11025
-10853
-10880
-11287
-10776
-11028
-11232
-11205
-11091
-10929
-10897
-10723
-10867
-10706
-10923
-10862
-11123
-11168
-11042
-10824
-11014
-10748
-11336
-10969
-11085
-10890
-11247
-10917
-11268
-10891
-11002
-11337
-11081
-11111
-11297
-10997
-11230
-11255
-11011
-10743
-11319
-11221
-10922
-11030
-11075
-11022
-10991
-10815
-11110
-11314
-10932
-11066
-10817
-10972
-11049
-11257
-10859
-10821
-11134
-11008
-10968
-11046
-11046
-10846
-10873
-10795
-10761
-10848
-10929
-11298
-11074
-11028
-11258
-11279
-11107
-10980
-11238
-11135
-11007
-10942
-10765
-11037
-11099
-11051
-11246
-10872
-11142
-11136
-10953
-11104
-10973
-11069
-11011
-10830
-11169
-11325
-11197
-11281
-10929
-10889
-10802
-11249
-11189
-11309
-11309
-11075
-11315
-11314
-11405
-11006
-11405
-10836
-11104
-10911
-10905
-10963
-10897
-11016
-11430
-10832
-10913
-10953
-11098
-11105
-11306
-11415
-11436
-10976
-11410
-11430
-11144
-11188
-11353
-11012
-11376
-11133
-10960
-11341
-11434
-11326
-11268
-11047
-11206
-11293
-11107
-11126
-11450
-11115
-11370
-11210
-11035
-11083
-11047
-11466
-11202
-11264
-11150
-11029
-10928
-10840
-11299
-11311
-11400
-11011
-11212
-11319
-11360
-10918
-11337
-11135
-11440
-11209
-11257
-11192
-11211
-11215
-11282
-10861
-11036
-10885
-11212
-11049
-11000
-11131
-11144
-11490
-11448
-11162
-11135
-11310
-10976
-11097
-11238
-11362
-11140
-10890
-10950
-11006
-11181
-11030
-11450
-11112
-11269
-11224
-11246
-11126
-10910
-11401
-10952
-11453
-11192
-10967
-10933
-11285
-11026
-10991
-11373
-10992
-11384
-11512
-11274
-11234
-11173
-11277
-11074
-11479
-10935
-11095
-10900
-11006
-11245
-11344
-11459
-11406
-11530
-10974
-10913
-11523
-11508
-11275
-11044
-11350
-11176
-11299
-11150
-11265
-11043
-10954
-11514
-11099
-11290
-11118
-11440
-11440
-11134
-11408
-11077
-11342
-11266
-11466
-11197
-11562
-10950
-10944
-11553
-11152
-11246
-11576
-11064
-11030
-11018
-11009
-11368
-10984
-11112
-11567
-11590
-11471
-11445
-11157
-11355
-11378
-11178
-11594
-11040
-11115
-11092
-11033
-11441
-11126
-11522
-11125
-11019
-11264
-10988
-11106
-11457
-11251
-11494
-11279
-11426
-11150
-11356
-11132
-11000
-11144
-11585
-11353
-11316
-11565
-11606
-11063
-11258
-11212
-11209
-11388
-11413
-11147
-11000
-11272
-11188
-11372
-11512
-11564
-11550
-11415
-11364
-11618
-11254
-11163
-11551
-11351
-11512
-11225
-11576
-11355
-11610
-11084
-11560
-11013
-11339
-11366
-11570
-11558
-11534
-11493
-11149
-11199
-11422
-11545
-11457
-11383
-11180
-11466
-11448
-11561
-11650
-11107
-11555
-11233
-11039
-11102
-11543
-11465
-11466
-11240
-11129
-11674
-11100
-11668
-11247
-11344
-11141
-11458
-11084
-11477
-11690
-11606
-11494
-11584
-11325
-11587
-11170
-11294
-11495
-11181
-11433
-11102
-11164
-11536
-11167
-11603
-11431
-11171
-11279
-11076
-11149
-11453
-11375
-11206
-11280
-11688
-11404
-11201
-11609
-11284
-11287
-11509
-11248
-11350
-11466
-11621
-11456
-11471
-11426
-11383
-11537
-11531
-11346
-11645
-11105
-11427
-11456
-11110
-11703
-11503
-11446
-11594
-11546
-11113
-11301
-11232
-11233
-11253
-11417
-11471
-11450
-11614
-11385
-11206
-11203
-11668
-11132
-11747
-11355
-11382
-11668
-11281
-11305
-11148
-11167
-11210
-11147
-11154
-11414
-11445
-11195
-11434
-11304
-11483
-11702
-11364
-11303
-11378
-11655
-11438
-11311
-11298
-11546
-11260
-11278
-11737
-11520
-11431
-11771
-11440
-11550
-11178
-11783
-11734
-11757
-11307
-11710
-11448
-11465
-11633
-11634
-11614
-11480
-11196
-11343
-11268
-11241
-11702
-11717
-11377
-11205
-11172
-11275
-11538
-11462
-11201
-11256
-11598
-11721
-11284
-11572
-11691
-11234
-11723
-11546
-11215
-11769
-11332
-11249
-11296
-11416
-11486
-11716
-11638
-11684
-11514
-11602
-11689
-11522
-11799
-11457
-11313
-11437
-11617
-11532
-11390
-11333
-11587
-11303
-11608
-11661
-11599
-11231
-11291
-11511
-11562
-11257
-11336
-11755
-11818
-11563
-11473
-11463
-11714
-11756
-11408
-11726
-11227
-11505
-11637
-11669
-11740
-11708
-11813
-11654
-11413
-11256
-11245
-11436
-11540
-11491
-11491
-11368
-11675
-11359
-11247
-11265
-11844
-11790
-11713
-11434
-11451
-11417
-11502
-11692
-11569
-11791
-11582
-11487
-11502
-11312
-11577
-11900
-11450
-11422
-11286
-11857
-11576
-11760
-11575
-11712
-11698
-11657
-11540
-11608
-11306
-11416
-11621
-11300
-11717
-11796
-11301
-11710
-11799
-11841
-11447
-11602
-11419
-11536
-11474
-11517
-11872
-11328
-11477
-11618
-11308
-11463
-11870
-11746
-11856
-11439
-11413
-11457
-11908
-11442
-11899
-11856
-11645
-11342
-11403
-11820
-11816
-11462
-11624
-11733
-11442
-11955
-11514
-11778
-11399
-11644
-11796
-11567
-11841
-11717
-11421
-11932
-11564
-11677
-11365
-11392
-11589
-11788
-11604
-11680
-11373
-11604
-11573
-11652
-11720
-11607
-11795
-11666
-11515
-11844
-11492
-11538
-11793
-11624
-11878
-11793
-11979
-11391
-11435
-11704
-11577
-11670
-11402
-11868
-11996
-11437
-11962
-11504
-11430
-11568
-11835
-11503
-11729
-11960
-11512
-11604
-11881
-11476
-11930
-11958
-11447
-11522
-11922
-12000
-11457
-11779
-11992
-11581
-12021
-11816
-11440
-11745
-11843
-11682
-11837
-11484
-11900
-11793
-11806
-11475
-11507
-11677
-11454
-11833
-11761
-11581
-11452
-11804
-11603
-11973
-11420
-11676
-11602
-11622
-11764
-11690
-11471
-11882
-11765
-11712
-11434
-11455
-11630
-12049
-11836
-11854
-11531
-11905
-12053
-11746
-11564
-11644
-11428
-12047
-11817
-11894
-11504
-11986
-11989
-11773
-11478
-11741
-11941
-11643
-11585
-11521
-11439
-11738
-11589
-12064
-11507
-11873
-12061
-11611
-11743
-11645
-11875
-11677
-11986
-11770
-11865
-11933
-11957
-11808
-11549
-11695
-12041
-11572
-11983
-11639
-12062
-11877
-12078
-11675
-11468
-11703
-12004
-11992
-11477
-11683
-11579
-11926
-11546
-11663
-11859
-11913
-11643
-11665
-11805
-11541
-12019
-11654
-11892
-11924
-12061
-11986
-11842
-11601
-12059
-11858
-11649
-11796
-11602
-11830
-11884
-11755
-11871
-12118
-12031
-11751
-11520
-11600
-11658
-12012
-11649
-12075
-11550
-11955
-11710
-11859
-11863
-11859
-12073
-11880
-12009
-11863
-12142
-11947
-11543
-12132
-11608
-11736
-12148
-12097
-11659
-11832
-11657
-11719
-11970
-11825
-11773
-11833
-12058
-12037
-11945
-11565
-12089
-11870
-12135
-12085
-12097
-11561
-11644
-11915
-11734
-11711
-12045
-12124
-12067
-11911
-11905
-11878
-11947
-12129
-11777
-12117
-12087
-12139
-11905
-12039
-11613
-11603
-11923
-11740
-11880
-12018
-11963
-11708
-11831
-12195
-12171
-11597
-11693
-12081
-11605
-11735
-12013
-12099
-12118
-11799
-11988
-11879
-11756
-12035
-12118
-11628
-11649
-11901
-12001
-11901
-11669
-11773
-12226
-11784
-11620
-12055
-12192
-12063
-11913
-12051
-11997
-12031
-12080
-11904
-11819
-12227
-11943
-12044
-12201
-11793
-11889
-11703
-11843
-11734
-11708
-12103
-11639
-11960
-11764
-12000
-12149
-12145
